CTRIAR    330001     112   10062  110113  311301     103
CTRIAR  10330001     112100100621011011310311301     123
CTRIAR    330002     112  312201  110122   10001     103
CTRIAR  10330002     112103122011011012210010001     123
CTRIAR    330003     112   10062  311301  210113     103
CTRIAR  10330003     112100100621031130110210113     123
CTRIAR    330004     112  210122  312201   10001     103
CTRIAR  10330004     112102101221031220110010001     123
CTRIAR    330005     112  311701  311601  110116     103
CTRIAR  10330005     112103117011031160110110116     123
CTRIAR    330006     112  110116  110117  311701     103
CTRIAR  10330006     112101101161011011710311701     123
CTRIAR    330007     112  110117  110118  311801     103
CTRIAR  10330007     112101101171011011810311801     123
CTRIAR    330008     112  311701  110117  311801     103
CTRIAR  10330008     112103117011011011710311801     123
CTRIAR    330009     112  110114  311301  110113     103
CTRIAR  10330009     112101101141031130110110113     123
CTRIAR    330010     112  311401  311301  110114     103
CTRIAR  10330010     112103114011031130110110114     123
CTRIAR    330011     112  110119  311801  110118     103
CTRIAR  10330011     112101101191031180110110118     123
CTRIAR    330012     112  311901  311801  110119     103
CTRIAR  10330012     112103119011031180110110119     123
CTRIAR    330013     112  312001  311901  110119     103
CTRIAR  10330013     112103120011031190110110119     123
CTRIAR    330014     112  110119  110120  312001     103
CTRIAR  10330014     112101101191011012010312001     123
CTRIAR    330015     112  110122  312201  110121     103
CTRIAR  10330015     112101101221031220110110121     123
CTRIAR    330016     112  312201  312101  110121     103
CTRIAR  10330016     112103122011031210110110121     123
CTRIAR    330017     112  312001  110120  110121     103
CTRIAR  10330017     112103120011011012010110121     123
CTRIAR    330018     112  110121  312101  312001     103
CTRIAR  10330018     112101101211031210110312001     123
CTRIAR    330019     112  110115  110116  311601     103
CTRIAR  10330019     112101101151011011610311601     123
CTRIAR    330020     112  311601  311501  110115     103
CTRIAR  10330020     112103116011031150110110115     123
CTRIAR    330021     112  311401  110114  110115     103
CTRIAR  10330021     112103114011011011410110115     123
CTRIAR    330022     112  110115  311501  311401     103
CTRIAR  10330022     112101101151031150110311401     123
CTRIAR    330023     112  210122  312101  312201     103
CTRIAR  10330023     112102101221031210110312201     123
CTRIAR    330024     112  210122  210121  312101     103
CTRIAR  10330024     112102101221021012110312101     123
CTRIAR    330025     112  312001  312101  210120     103
CTRIAR  10330025     112103120011031210110210120     123
CTRIAR    330026     112  312101  210121  210120     103
CTRIAR  10330026     112103121011021012110210120     123
CTRIAR    330027     112  210119  311901  312001     103
CTRIAR  10330027     112102101191031190110312001     123
CTRIAR    330028     112  312001  210120  210119     103
CTRIAR  10330028     112103120011021012010210119     123
CTRIAR    330029     112  210118  311801  311901     103
CTRIAR  10330029     112102101181031180110311901     123
CTRIAR    330030     112  311901  210119  210118     103
CTRIAR  10330030     112103119011021011910210118     123
CTRIAR    330031     112  311701  311801  210118     103
CTRIAR  10330031     112103117011031180110210118     123
CTRIAR    330032     112  210118  210117  311701     103
CTRIAR  10330032     112102101181021011710311701     123
CTRIAR    330033     112  210116  311601  311701     103
CTRIAR  10330033     112102101161031160110311701     123
CTRIAR    330034     112  311701  210117  210116     103
CTRIAR  10330034     112103117011021011710210116     123
CTRIAR    330035     112  210114  311301  311401     103
CTRIAR  10330035     112102101141031130110311401     123
CTRIAR    330036     112  210114  210113  311301     103
CTRIAR  10330036     112102101141021011310311301     123
CTRIAR    330037     112  210115  311501  311601     103
CTRIAR  10330037     112102101151031150110311601     123
CTRIAR    330038     112  311601  210116  210115     103
CTRIAR  10330038     112103116011021011610210115     123
CTRIAR    330039     112  311401  311501  210115     103
CTRIAR  10330039     112103114011031150110210115     123
CTRIAR    330040     112  210115  210114  311401     103
CTRIAR  10330040     112102101151021011410311401     123
CTRIAR    330041     112  305701  110057  110136     103
CTRIAR  10330041     112103057011011005710110136     123
CTRIAR    330042     112  313601  305701  110136     103
CTRIAR  10330042     112103136011030570110110136     123
CTRIAR    330043     112  210136  305701  313601     103
CTRIAR  10330043     112102101361030570110313601     123
CTRIAR    330044     112  210136  210057  305701     103
CTRIAR  10330044     112102101361021005710305701     123
CTRIAR    330045     112  110133  110057  305701     701
CTRIAR  10330045     112101101331011005710305701     721
CTRIAR    330046     112  305701  313301  110133     701
CTRIAR  10330046     112103057011031330110110133     721
CTRIAR    330047     112  210133  313301  305701     701
CTRIAR  10330047     112102101331031330110305701     721
CTRIAR    330048     112  305701  210057  210133     701
CTRIAR  10330048     112103057011021005710210133     721
CTRIAR    330049     112   10051  312301  110123     702
CTRIAR  10330049     112100100511031230110110123     722
CTRIAR    330050     112  210123  312301   10051     702
CTRIAR  10330050     112102101231031230110010051     722
CTRIAR    330051     112  110124  312401  305501     702
CTRIAR  10330051     112101101241031240110305501     722
CTRIAR    330052     112  305501  110055  110124     702
CTRIAR  10330052     112103055011011005510110124     722
CTRIAR    330053     112  110124  110123  312301     702
CTRIAR  10330053     112101101241011012310312301     722
CTRIAR    330054     112  312301  312401  110124     702
CTRIAR  10330054     112103123011031240110110124     722
CTRIAR    330055     112  305501  312401  210124     702
CTRIAR  10330055     112103055011031240110210124     722
CTRIAR    330056     112  210124  210055  305501     702
CTRIAR  10330056     112102101241021005510305501     722
CTRIAR    330057     112  210124  312401  312301     702
CTRIAR  10330057     112102101241031240110312301     722
CTRIAR    330058     112  312301  210123  210124     702
CTRIAR  10330058     112103123011021012310210124     722
