CTRIAR    920001     131  911703  914501  911702     106
CTRIAR  10920001     131109117031091450110911702     126
CTRIAR    920002     131  730145  914501  911703     106
CTRIAR  10920002     131107301451091450110911703     126
CTRIAR    920003     131  730145  911703  730117     106
CTRIAR  10920003     131107301451091170310730117     126
CTRIAR    920004     131  911701  830145  830117     106
CTRIAR  10920004     131109117011083014510830117     126
CTRIAR    920005     131  911702  914501  911701     106
CTRIAR  10920005     131109117021091450110911701     126
CTRIAR    920006     131  914501  830145  911701     106
CTRIAR  10920006     131109145011083014510911701     126
CTRIAR    920007     131  914401  730144  420023     106
CTRIAR  10920007     131109144011073014410420023     126
CTRIAR    920008     131  914401  420023  602301     106
CTRIAR  10920008     131109144011042002310602301     126
CTRIAR    920009     131  730145  730144  914401     106
CTRIAR  10920009     131107301451073014410914401     126
CTRIAR    920010     131  914401  914501  730145     106
CTRIAR  10920010     131109144011091450110730145     126
CTRIAR    920011     131  730090  730117  909003     106
CTRIAR  10920011     131107300901073011710909003     126
CTRIAR    920012     131  909003  730117  911703     106
CTRIAR  10920012     131109090031073011710911703     126
CTRIAR    920013     131  903601  903602  911601     106
CTRIAR  10920013     131  903601  90360210911601     126
CTRIAR    920014     131  911601  903602  911602     106
CTRIAR  10920014     13110911601  90360210911602     126
CTRIAR    920015     131  830090  911701  830117     106
CTRIAR  10920015     131108300901091170110830117     126
CTRIAR    920016     131  909001  911701  830090     106
CTRIAR  10920016     131109090011091170110830090     126
CTRIAR    920017     131  830144  914401  602301     106
CTRIAR  10920017     131108301441091440110602301     126
CTRIAR    920018     131  602301  520023  830144     106
CTRIAR  10920018     131106023011052002310830144     126
CTRIAR    920019     131  914501  914401  830144     106
CTRIAR  10920019     131109145011091440110830144     126
CTRIAR    920020     131  830144  830145  914501     106
CTRIAR  10920020     131108301441083014510914501     126
CTRIAR    920021     131  909002  911701  909001     106
CTRIAR  10920021     131109090021091170110909001     126
CTRIAR    920022     131  911702  911701  909002     106
CTRIAR  10920022     131109117021091170110909002     126
CTRIAR    920023     131  909002  909003  911703     106
CTRIAR  10920023     131109090021090900310911703     126
CTRIAR    920024     131  909002  911703  911702     106
CTRIAR  10920024     131109090021091170310911702     126
CTRIAR    920025     131  909002  911601  911602     106
CTRIAR  10920025     131109090021091160110911602     126
CTRIAR    920026     131  909001  911601  909002     106
CTRIAR  10920026     131109090011091160110909002     126
CTRIAR    920027     131  911603  730116  730090     106
CTRIAR  10920027     131109116031073011610730090     126
CTRIAR    920028     131  730090  909003  911603     106
CTRIAR  10920028     131107300901090900310911603     126
CTRIAR    920029     131  730036  730116  911603     106
CTRIAR  10920029     131  7300361073011610911603     126
CTRIAR    920030     131  911603  903603  730036     106
CTRIAR  10920030     13110911603  903603  730036     126
CTRIAR    920031     131  909003  909002  911603     106
CTRIAR  10920031     131109090031090900210911603     126
CTRIAR    920032     131  911603  909002  911602     106
CTRIAR  10920032     131109116031090900210911602     126
CTRIAR    920033     131  903602  903603  911603     106
CTRIAR  10920033     131  903602  90360310911603     126
CTRIAR    920034     131  911602  903602  911603     106
CTRIAR  10920034     13110911602  90360210911603     126
CTRIAR    920035     131  830116  830036  903601     106
CTRIAR  10920035     13110830116  830036  903601     126
CTRIAR    920036     131  903601  911601  830116     106
CTRIAR  10920036     131  9036011091160110830116     126
CTRIAR    920037     131  909001  830090  830116     106
CTRIAR  10920037     131109090011083009010830116     126
CTRIAR    920038     131  830116  911601  909001     106
CTRIAR  10920038     131108301161091160110909001     126
