$ 
$$ coordinate framework for control surfaces
$ OW Leading Flap
$1------2-------3-------4-------5-------6-------7-------8-------9-------
CORD2R  10              93.272  -68.0   52.129  93.272  -68.0   55.129
        92.741  -68.216 53.129
$
CORD2R  20              93.272   68.0   52.129  93.272   68.0   55.129
        92.741  68.216  53.129
$ OW Trailing flap
$ outermost
CORD2R  11              100.873 -68.715 51.967  100.873 -68.715 52.967
        99.946  -69.089 52.967 
CORD2R  21              100.873  68.715 51.967  100.873  68.715 52.967
        99.946   69.089 52.967	

CORD2R  12              95.160  -54.574 51.967  95.160  -54.574 52.967
        94.232  -54.949 51.967
CORD2R  22              95.160   54.574 51.967  95.160   54.574 52.967
        94.232   54.949 51.967
	
CORD2R  13              89.447  -40.434 51.967  89.447  -40.434 52.967 
        88.52   -40.809 52.967  
CORD2R  23              89.447   40.434 51.967  89.447   40.434 52.967 
        88.52    40.809 52.967
	
CORD2R  14              83.734  -26.29  51.97   83.734  -26.29  52.97
        74.462  -30.04  52.97  
CORD2R  24              83.734   26.29  51.97   83.734   26.29  52.97
        74.462   30.04  52.97	


$ IW Trailing flap
CORD2R  15              88.952  -10.807 50.588  88.952  -10.807 51.588
        84.316   -8.934 50.588 
CORD2R  25              88.952   10.807 50.588  88.952   10.807 51.588
        84.316    8.934 50.588 
