$1......2.......3.......4.......OW-WING-LHS ...............
SET1        1001  110560   10001   10002   10003   10015   10016   10017
           10018   10019   10020   10021   10022   10023   10024   10025
           10026   10027   10028   10029   10030   10031   10032   10033
           10034   10035   10036   10037   10038   10039   10040   10041
           10042   10043   10044   10045   10046   10047   10048   10049
           10050   10051   10052   10062   10063   10111   10112  110053
          110054  110055  110056  110057  110058  110059  110060  110061
          110113  110114  110115  110116  110117  110118  110119  110120
          110121  110122  110123  110124  110125  110126  110127  110128
          110129  110130  110131  110132  110133  110134  110135  110136
          110137  110141  110142  110143  110144  110145  110146  110147
          110148  110149  110150  110151  110152  110153  110154  110155
          110156  110157  110158  110159  110160  110161  110162  110163
          110167  110168  110169  110170  110171  110172  110173  110174
          110175  110176  110177  110178  110179  110180  110181  110182
          110183  110184  110185  110186  110190  110191  110192  110193
          110194  110195  110196  110197  110198  110199  110200  110201
          110202  110203  110204  110205  110206  110207  110208  110209
          110213  110214  110215  110216  110217  110218  110219  110220
          110221  110222  110223  110224  110225  110226  110227  110228
          110229  110230  110231  110232  110236  110237  110238  110239
          110240  110241  110242  110243  110244  110245  110246  110247
          110248  110249  110250  110251  110252  110253  110254  110255
          110259  110260  110261  110262  110263  110264  110265  110266
          110267  110268  110269  110270  110271  110272  110273  110274
          110275  110276  110277  110278  110282  110283  110284  110285
          110286  110287  110288  110289  110290  110291  110292  110293
          110294  110295  110296  110297  110298  110299  110300  110301
          110305  110306  110307  110308  110309  110310  110311  110312
          110313  110314  110315  110316  110317  110318  110319  110320
          110321  110322  110323  110324  110328  110329  110330  110331
          110332  110333  110334  110335  110336  110337  110338  110339
          110340  110341  110342  110343  110344  110345  110346  110347
          110351  110352  110353  110354  110355  110356  110357  110358
          110359  110360  110361  110362  110363  110364  110365  110366
          110367  110368  110369  110370  110374  110375  110376  110377
          110378  110379  110380  110381  110382  110383  110384  110385
          110386  110387  110388  110389  110390  110391  110392  110393
          110397  110398  110399  110400  110401  110402  110403  110404
          110405  110406  110407  110408  110409  110410  110411  110415
          110416  110420  110421  110422  110423  110424  110425  110426
          110427  110428  110429  110430  110431  110432  110433  110434
          110438  110439  110443  110444  110445  110446  110447  110448
          110449  110450  110451  110452  110453  110454  110455  110456
          110457  110461  110462  110466  110467  110468  110469  110470
          110471  110472  110473  110474  110475  110476  110477  110478
          110479  110480  110481  110484  110485  110486  110489  110490
          110491  110492  110493  110494  110495  110496  110497  110498
          110500  110501  110502  110503  110505  110506  110507  110508
          110509  110511  110512  110513  110516  110517  110518  110519
          110520  110521  110522  110525  110526  110529  110530  110531
          110534  110535  110536  110538  110539  110540  110542  110543
          110544  110546  110547  110549  110550  110552  110553  110554
          110556  110557  110558     
$1......2.......3.......4.......OW-WING-RHS ...............
SET1       1100110010001100100021001000310010015100100161001001710010018
        1001001910010020100100211001002210010023100100241001002510010026
        1001002710010028100100291001003010010031100100321001003310010034
        1001003510010036100100371001003810010039100100401001004110010042
        1001004310010044100100451001004610010047100100481001004910010050
        1001005110010052100100621001006310010111100101121011005310110054
        1011005510110056101100571011005810110059101100601011006110110113
        1011011410110115101101161011011710110118101101191011012010110121
        1011012210110123101101241011012510110126101101271011012810110129
        1011013010110131101101321011013310110134101101351011013610110137
        1011014110110142101101431011014410110145101101461011014710110148
        1011014910110150101101511011015210110153101101541011015510110156
        1011015710110158101101591011016010110161101101621011016310110167
        1011016810110169101101701011017110110172101101731011017410110175
        1011017610110177101101781011017910110180101101811011018210110183
        1011018410110185101101861011019010110191101101921011019310110194
        1011019510110196101101971011019810110199101102001011020110110202
        1011020310110204101102051011020610110207101102081011020910110213
        1011021410110215101102161011021710110218101102191011022010110221
        1011022210110223101102241011022510110226101102271011022810110229
        1011023010110231101102321011023610110237101102381011023910110240
        1011024110110242101102431011024410110245101102461011024710110248
        1011024910110250101102511011025210110253101102541011025510110259
        1011026010110261101102621011026310110264101102651011026610110267
        1011026810110269101102701011027110110272101102731011027410110275
        1011027610110277101102781011028210110283101102841011028510110286
        1011028710110288101102891011029010110291101102921011029310110294
        1011029510110296101102971011029810110299101103001011030110110305
        1011030610110307101103081011030910110310101103111011031210110313
        1011031410110315101103161011031710110318101103191011032010110321
        1011032210110323101103241011032810110329101103301011033110110332
        1011033310110334101103351011033610110337101103381011033910110340
        1011034110110342101103431011034410110345101103461011034710110351
        1011035210110353101103541011035510110356101103571011035810110359
        1011036010110361101103621011036310110364101103651011036610110367
        1011036810110369101103701011037410110375101103761011037710110378
        1011037910110380101103811011038210110383101103841011038510110386
        1011038710110388101103891011039010110391101103921011039310110397
        1011039810110399101104001011040110110402101104031011040410110405
        1011040610110407101104081011040910110410101104111011041510110416
        1011042010110421101104221011042310110424101104251011042610110427
        1011042810110429101104301011043110110432101104331011043410110438
        1011043910110443101104441011044510110446101104471011044810110449
        1011045010110451101104521011045310110454101104551011045610110457
        1011046110110462101104661011046710110468101104691011047010110471
        1011047210110473101104741011047510110476101104771011047810110479
        1011048010110481101104841011048510110486101104891011049010110491
        1011049210110493101104941011049510110496101104971011049810110500
        1011050110110502101105031011050510110506101105071011050810110509
        1011051110110512101105131011051610110517101105181011051910110520
        1011052110110522101105251011052610110529101105301011053110110534
        1011053510110536101105381011053910110540101105421011054310110544
        1011054610110547101105491011055010110552101105531011055410110556
        101105571011055810110560                                        
$1......2.......3.......4.......IW-WING-LHS ...............
SET1        2001   10002   10052   20002   20003   20012   20013   20014
           20034   20035   20036   20037   20038   20039   20040   20041
           20042   20043   20044  110053  110054  110055  110056  110057
          110058  110059  110060  110061  420015  420016  420017  420018
          420019  420020  420021  420022  420023  420024  420025  420026
          420027  420028  420029  420030  420031  420032  420054  420055
          420056  420057  420058  420059  420060  420061  420062  420063
          420064  420065  420066  420067  420068  420069  420070  420071
          420072  420073  420074  420075  420076  420077  420078  420079
          420080  420081  420082  420083  420084  420085  420086  420087
          420088  420089  420090  420091  420092  420093  420094  420095
          420096  420097  420098  420099  420100  420101  420102  420106
          420110  420111  420114  420115  420116  420117  420118  420119
          420120  420121  420122  420123  420124  420125  420126  420127
          420128  420129  420130  420131  420132  420133  420134  420135
          420136  420137  420138  420139  420140  420141  420142  420143
          420144  420145  420146  420147  420148  420149  420150  420151
          420152  420153  420154  420155  420156  420157  420158  420159
          420160  420161  420162  420163  420164  420165  420166  420167
          420168  420169  420170  420171  420172  420173  420174  420175
          420176  420177  420178  420179  420180  420181  420182  420183
          420184  420185  420186  420187  420188  420189  420190  420191
          420192  420193  420194  420195  420196  420197  420198  420199
          420200  420201  420202  420203  420204  420205  420206  420207
          420208  420209  420210  420211  420212  420213  420214  420215
          420216                                                                           
$1......2.......3.......4.......IW-WING-RHS ...............
SET1       1200110010002100100521002000210020003100200121002001310020014
        1002003410020035100200361002003710020038100200391002004010020041
        1002004210020043100200441011005310110054101100551011005610110057
        1011005810110059101100601011006110420015104200161042001710420018
        1042001910420020104200211042002210420023104200241042002510420026
        1042002710420028104200291042003010420031104200321042005410420055
        1042005610420057104200581042005910420060104200611042006210420063
        1042006410420065104200661042006710420068104200691042007010420071
        1042007210420073104200741042007510420076104200771042007810420079
        1042008010420081104200821042008310420084104200851042008610420087
        1042008810420089104200901042009110420092104200931042009410420095
        1042009610420097104200981042009910420100104201011042010210420106
        1042011010420111104201141042011510420116104201171042011810420119
        1042012010420121104201221042012310420124104201251042012610420127
        1042012810420129104201301042013110420132104201331042013410420135
        1042013610420137104201381042013910420140104201411042014210420143
        1042014410420145104201461042014710420148104201491042015010420151
        1042015210420153104201541042015510420156104201571042015810420159
        1042016010420161104201621042016310420164104201651042016610420167
        1042016810420169104201701042017110420172104201731042017410420175
        1042017610420177104201781042017910420180104201811042018210420183
        1042018410420185104201861042018710420188104201891042019010420191
        1042019210420193104201941042019510420196104201971042019810420199
        1042020010420201104202021042020310420204104202051042020610420207
        1042020810420209104202101042021110420212104202131042021410420215
        10420216                                                             
$1......2.......3.......4.......CB-WING-LHS ...............
SET1        3001   30001   30003   30004   30005   30006   30007   30008
           30009   30010   30011   30012   30013   30014   30049   30050
           30051   30052   30053   30054   30055   30056  420017  420023
          420029  730057  730058  730060  730061  730062  730063  730064
          730066  730067  730068  730069  730070  730072  730073  730074
          730075  730076  730077  730078  730079  730080  730081  730082
          730083  730084  730085  730086  730087  730088  730089  730090
          730091  730092  730093  730094  730095  730096  730097  730098
          730099  730100  730101  730102  730103  730104  730105  730106
          730107  730108  730109  730110  730111  730112  730113  730114
          730115  730116  730117  730118  730119  730120  730121  730122
          730123  730124  730125  730126  730127  730128  730129  730130
          730131  730132  730133  730134  730135  730136  730137  730138
          730139  730140  730141  730142  730143  730144  730145  730146
          730147  730148  730149  730150  730151  730152  730153  730154
          730155  730156  730157  730158  730159  730160  730161  730162
          730163  730164  730165  730166  730167  730168  730169  730170
          730171  730172  730173  730174  730175  730176  730177  730178
          730179  730180  730181  730182  730183  730184  730185  730186
          730187  730188  730189  730190  730191  730192  730193  730194
          730195  730196  730197  730198  730199  730200  730201  730202
          730203  730204  730205  730206  730207  730208  730209  730210
          730211  730212  730213  730214  730215  730216  730217  730218
          730219  730220  730221  730222  730223  730224  730225  730226
          730227  730228  730229  730230  730231  730232  730233  730234
          730235  730236  730237  730238  730239  730240  730241  730242
          730243  730244  730245  730246  730247  730248  730249  730250
          730251  730252  730253  730254  730255  730256  730257  730258
          730259  730260                                                
$1......2.......3.......4.......CB-WING-RHS ...............
SET1       1300110030001100300031003000410030005100300061003000710030008
        1003000910030010100300111003001210030013100300141003004910030050
        1003005110030052100300531003005410030055100300561042001710420023
        1042002910730057107300581073006010730061107300621073006310730064
        1073006610730067107300681073006910730070107300721073007310730074
        1073007510730076107300771073007810730079107300801073008110730082
        1073008310730084107300851073008610730087107300881073008910730090
        1073009110730092107300931073009410730095107300961073009710730098
        1073009910730100107301011073010210730103107301041073010510730106
        1073010710730108107301091073011010730111107301121073011310730114
        1073011510730116107301171073011810730119107301201073012110730122
        1073012310730124107301251073012610730127107301281073012910730130
        1073013110730132107301331073013410730135107301361073013710730138
        1073013910730140107301411073014210730143107301441073014510730146
        1073014710730148107301491073015010730151107301521073015310730154
        1073015510730156107301571073015810730159107301601073016110730162
        1073016310730164107301651073016610730167107301681073016910730170
        1073017110730172107301731073017410730175107301761073017710730178
        1073017910730180107301811073018210730183107301841073018510730186
        1073018710730188107301891073019010730191107301921073019310730194
        1073019510730196107301971073019810730199107302001073020110730202
        1073020310730204107302051073020610730207107302081073020910730210
        1073021110730212107302131073021410730215107302161073021710730218
        1073021910730220107302211073022210730223107302241073022510730226
        1073022710730228107302291073023010730231107302321073023310730234
        1073023510730236107302371073023810730239107302401073024110730242
        1073024310730244107302451073024610730247107302481073024910730250
        1073025110730252107302531073025410730255107302561073025710730258
        1073025910730260                                                
$1......2.......3.......4.......WINGLET - LHS ...............
SET1       3200020000001200000022000000320000004200000052000000620000007
        2000000820000009200000102000001120000012200000132000001420000015
        2000001620000017200000182000001920000020200000212000002220000023
        2000002420000025200000262000002720000028200000292000003020000031
        2000003220000033200000342000003520000036200000372000003820000039
        2000004020000041200000422000004320000044200000452000004620000047
        2000004820000049200000502000005120000052200000532000005420000055
        2000005620000057200000582000005920000060200000612000006220000063
        2000006420000065200000662000006720000068200000692000007020000071
        2000007220000073200000742000007520000076200000772000007820000079
        2000008020000081200000822000008320000084200000852000008620000087
        2000008820000089200000902000009120000092200000932000009420000095
        2000009620000097200000982000009920000100200001012000010220000103
        2000010420000105200001062000010720000108                        
$1......2.......3.......4.......WINGLET - RHS ...............
SET1       4200021000001210000022100000321000004210000052100000621000007
        2100000821000009210000102100001121000012210000132100001421000015
        2100001621000017210000182100001921000020210000212100002221000023
        2100002421000025210000262100002721000028210000292100003021000031
        2100003221000033210000342100003521000036210000372100003821000039
        2100004021000041210000422100004321000044210000452100004621000047
        2100004821000049210000502100005121000052210000532100005421000055
        2100005621000057210000582100005921000060210000612100006221000063
        2100006421000065210000662100006721000068210000692100007021000071
        2100007221000073210000742100007521000076210000772100007821000079
        2100008021000081210000822100008321000084210000852100008621000087
        2100008821000089210000902100009121000092210000932100009421000095
        2100009621000097210000982100009921000100210001012100010221000103
        2100010421000105210001062100010721000108                        
