CTRIAR    930001     131  914101  520017  830141     105
CTRIAR  10930001     131109141011052001710830141     125
CTRIAR    930002     131  601701  520017  914101     105
CTRIAR  10930002     131106017011052001710914101     125
CTRIAR    930003     131  830115  830089  911501     105
CTRIAR  10930003     131108301151083008910911501     125
CTRIAR    930004     131  911501  830089  908901     105
CTRIAR  10930004     131109115011083008910908901     125
CTRIAR    930005     131  904601  730046  730113     105
CTRIAR  10930005     131  904601  73004610730113     125
CTRIAR    930006     131  730113  911301  904601     105
CTRIAR  10930006     1311073011310911301  904601     125
CTRIAR    930007     131  601701  914101  730141     105
CTRIAR  10930007     131106017011091410110730141     125
CTRIAR    930008     131  730141  420017  601701     105
CTRIAR  10930008     131107301411042001710601701     125
CTRIAR    930009     131  730142  730141  914201     105
CTRIAR  10930009     131107301421073014110914201     125
CTRIAR    930010     131  914201  730141  914101     105
CTRIAR  10930010     131109142011073014110914101     125
CTRIAR    930011     131  914201  730143  730142     105
CTRIAR  10930011     131109142011073014310730142     125
CTRIAR    930012     131  914301  730143  914201     105
CTRIAR  10930012     131109143011073014310914201     125
CTRIAR    930013     131  904601  911301  830113     105
CTRIAR  10930013     131  9046011091130110830113     125
CTRIAR    930014     131  830113  830046  904601     105
CTRIAR  10930014     13110830113  830046  904601     125
CTRIAR    930015     131  908901  830089  830113     105
CTRIAR  10930015     131109089011083008910830113     125
CTRIAR    930016     131  830113  911301  908901     105
CTRIAR  10930016     131108301131091130110908901     125
CTRIAR    930017     131  730089  911501  908901     105
CTRIAR  10930017     131107300891091150110908901     125
CTRIAR    930018     131  730115  911501  730089     105
CTRIAR  10930018     131107301151091150110730089     125
CTRIAR    930019     131  911301  730113  730089     105
CTRIAR  10930019     131109113011073011310730089     125
CTRIAR    930020     131  908901  911301  730089     105
CTRIAR  10930020     131109089011091130110730089     125
CTRIAR    930021     131  730114  911501  730115     105
CTRIAR  10930021     131107301141091150110730115     125
CTRIAR    930022     131  911401  911501  730114     105
CTRIAR  10930022     131109114011091150110730114     125
CTRIAR    930023     131  730114  730143  914301     105
CTRIAR  10930023     131107301141073014310914301     125
CTRIAR    930024     131  730114  914301  911401     105
CTRIAR  10930024     131107301141091430110911401     125
CTRIAR    930025     131  830115  911501  830114     105
CTRIAR  10930025     131108301151091150110830114     125
CTRIAR    930026     131  830114  911501  911401     105
CTRIAR  10930026     131108301141091150110911401     125
CTRIAR    930027     131  911401  914301  830114     105
CTRIAR  10930027     131109114011091430110830114     125
CTRIAR    930028     131  914301  830143  830114     105
CTRIAR  10930028     131109143011083014310830114     125
CTRIAR    930029     131  830142  914101  830141     105
CTRIAR  10930029     131108301421091410110830141     125
CTRIAR    930030     131  830142  914201  914101     105
CTRIAR  10930030     131108301421091420110914101     125
CTRIAR    930031     131  914301  914201  830142     105
CTRIAR  10930031     131109143011091420110830142     125
CTRIAR    930032     131  830142  830143  914301     105
CTRIAR  10930032     131108301421083014310914301     125
