$1......2.......3.......4.......OW-WING-LHS ...............
AELIST      1001    1001    1002    1003    1004    1005    1006    1007
            1008    1009    1010    1011    1012    1013    1014    1015
            1016    1017    1018    1019    1020    1021    1022    1023
            1024    1025    1026    1027    1028    1029    1030    1031
            1032    1033    1034    1035    1036    1037    1038    1039
            1040    1041    1042    1043    1044    1045    1046    1047
            1048    1049    1050    1051    1052    1053    1054    1055
            1056    1057    1058    1059    1060    1061    1062    1063
            1064    1065    1066    1067    1068    1069    1070    1071
            1072    1073    1074    1075    1076    1077    1078    1079
            1080    1081    1082    1083    1084    1085    1086    1087
            1088    1089    1090    1091    1092    1093    1094    1095
            1096    1097    1098    1099    1100    1101    1102    1103
            1104    1105    1106    1107    1108    1109    1110    1111
            1112    1113    1114    1115    1116    1117    1118    1119
            1120    1121    1122    1123    1124    1125    1126    1127
            1128    1129    1130    1131    1132    1133    1134    1135
            1136    1137    1138    1139    1140    1141    1142    1143
            1144    1145    1146    1147    1148    1149    1150    1151
            1152    1153    1154    1155    1156    1157    1158    1159
            1160    1161    1162    1163    1164    1165    1166    1167
            1168    1169    1170    1171    1172    1173    1174    1175
            1176    1177    1178    1179    1180    1181    1182    1183
            1184    1185    1186    1187    1188    1189    1190    1191
            1192    1193    1194    1195    1196    1197    1198    1199
            1200    1201    1202    1203    1204    1205    1206    1207
            1208    1209    1210    1211    1212    1213    1214    1215
            1216    1217    1218    1219    1220    1221    1222    1223
            1224    1225    1226    1227    1228    1229    1230    1231
            1232    1233    1234    1235    1236    1237    1238    1239
            1240    1241    1242    1243    1244    1245    1246    1247
            1248    1249    1250    1251    1252    1253    1254    1255
            1256    1257    1258    1259    1260    1261    1262    1263
            1264    1265    1266    1267    1268    1269    1270    1271
            1272    1273    1274    1275    1276    1277    1278    1279
            1280    1281    1282    1283    1284    1285    1286    1287
            1288    1289    1290    1291    1292    1293    1294    1295
            1296    1297    1298    1299    1300    1301    1302    1303
            1304    1305    1306    1307    1308    1309    1310    1311
            1312    1313    1314    1315    1316    1317    1318    1319
            1320    1321    1322    1323    1324    1325    1326    1327
            1328    1329    1330    1331    1332    1333    1334    1335
            1336    1337    1338    1339    1340    1341    1342    1343
            1344    1345    1346    1347    1348    1349    1350    1351
            1352    1353    1354    1355    1356    1357    1358    1359
            1360    1361    1362    1363    1364    1365    1366    1367
            1368    1369    1370    1371    1372    1373    1374    1375
            1376    1377    1378    1379    1380    1381    1382    1383
            1384    1385    1386    1387    1388    1389    1390    1391
            1392    1393    1394    1395    1396    1397    1398    1399
            1400    1401    1402    1403    1404    1405    1406    1407
            1408    1409    1410    1411    1412    1413    1414    1415
            1416    1417    1418    1419    1420    1421    1422    1423
            1424    1425    1426    1427    1428    1429    1430    1431
            1432    1433    1434    1435    1436    1437    1438    1439
            1440    1441    1442    1443    1444    1445    1446    1447
            1448    1449    1450    1451    1452    1453    1454    1455
            1456    1457    1458    1459    1460    1461    1462    1463
            1464    1465    1466    1467    1468    1469    1470    1471
            1472    1473    1474    1475    1476    1477    1478    1479
            1480    1481    1482    1483    1484    1485    1486    1487
            1488    1489    1490    1491    1492    1493    1494    1495
            1496    1497    1498    1499    1500    1501    1502    1503
            1504    1505    1506    1507    1508    1509    1510    1511
            1512    1513    1514    1515    1516    1517    1518    1519
            1520    1521    1522    1523    1524    1525    1526    1527
            1528    1529    1530    1531    1532    1533    1534    1535
            1536    1537    1538    1539    1540    1541    1542    1543
            1544    1545    1546    1547    1548    1549    1550    1551
            1552    1553    1554    1555    1556    1557    1558    1559
            1560    1561    1562    1563    1564    1565    1566    1567
            1568    1569    1570    1571    1572    1573    1574    1575
            1576    1577    1578    1579    1580    1581    1582    1583
            1584    1585    1586    1587    1588    1589    1590    1591
            1592    1593    1594    1595    1596    1597    1598    1599
            1600    1601    1602    1603    1604    1605    1606    1607
            1608    1609    1610    1611    1612    1613    1614    1615
            1616    1617    1618    1619    1620    1621    1622    1623
            1624    1625    1626    1627    1628    1629    1630    1631
            1632    1633    1634    1635    1636    1637                
$1......2.......3.......4.......OW-WING-RHS ...............
AELIST     11001   11001   11002   11003   11004   11005   11006   11007
           11008   11009   11010   11011   11012   11013   11014   11015
           11016   11017   11018   11019   11020   11021   11022   11023
           11024   11025   11026   11027   11028   11029   11030   11031
           11032   11033   11034   11035   11036   11037   11038   11039
           11040   11041   11042   11043   11044   11045   11046   11047
           11048   11049   11050   11051   11052   11053   11054   11055
           11056   11057   11058   11059   11060   11061   11062   11063
           11064   11065   11066   11067   11068   11069   11070   11071
           11072   11073   11074   11075   11076   11077   11078   11079
           11080   11081   11082   11083   11084   11085   11086   11087
           11088   11089   11090   11091   11092   11093   11094   11095
           11096   11097   11098   11099   11100   11101   11102   11103
           11104   11105   11106   11107   11108   11109   11110   11111
           11112   11113   11114   11115   11116   11117   11118   11119
           11120   11121   11122   11123   11124   11125   11126   11127
           11128   11129   11130   11131   11132   11133   11134   11135
           11136   11137   11138   11139   11140   11141   11142   11143
           11144   11145   11146   11147   11148   11149   11150   11151
           11152   11153   11154   11155   11156   11157   11158   11159
           11160   11161   11162   11163   11164   11165   11166   11167
           11168   11169   11170   11171   11172   11173   11174   11175
           11176   11177   11178   11179   11180   11181   11182   11183
           11184   11185   11186   11187   11188   11189   11190   11191
           11192   11193   11194   11195   11196   11197   11198   11199
           11200   11201   11202   11203   11204   11205   11206   11207
           11208   11209   11210   11211   11212   11213   11214   11215
           11216   11217   11218   11219   11220   11221   11222   11223
           11224   11225   11226   11227   11228   11229   11230   11231
           11232   11233   11234   11235   11236   11237   11238   11239
           11240   11241   11242   11243   11244   11245   11246   11247
           11248   11249   11250   11251   11252   11253   11254   11255
           11256   11257   11258   11259   11260   11261   11262   11263
           11264   11265   11266   11267   11268   11269   11270   11271
           11272   11273   11274   11275   11276   11277   11278   11279
           11280   11281   11282   11283   11284   11285   11286   11287
           11288   11289   11290   11291   11292   11293   11294   11295
           11296   11297   11298   11299   11300   11301   11302   11303
           11304   11305   11306   11307   11308   11309   11310   11311
           11312   11313   11314   11315   11316   11317   11318   11319
           11320   11321   11322   11323   11324   11325   11326   11327
           11328   11329   11330   11331   11332   11333   11334   11335
           11336   11337   11338   11339   11340   11341   11342   11343
           11344   11345   11346   11347   11348   11349   11350   11351
           11352   11353   11354   11355   11356   11357   11358   11359
           11360   11361   11362   11363   11364   11365   11366   11367
           11368   11369   11370   11371   11372   11373   11374   11375
           11376   11377   11378   11379   11380   11381   11382   11383
           11384   11385   11386   11387   11388   11389   11390   11391
           11392   11393   11394   11395   11396   11397   11398   11399
           11400   11401   11402   11403   11404   11405   11406   11407
           11408   11409   11410   11411   11412   11413   11414   11415
           11416   11417   11418   11419   11420   11421   11422   11423
           11424   11425   11426   11427   11428   11429   11430   11431
           11432   11433   11434   11435   11436   11437   11438   11439
           11440   11441   11442   11443   11444   11445   11446   11447
           11448   11449   11450   11451   11452   11453   11454   11455
           11456   11457   11458   11459   11460   11461   11462   11463
           11464   11465   11466   11467   11468   11469   11470   11471
           11472   11473   11474   11475   11476   11477   11478   11479
           11480   11481   11482   11483   11484   11485   11486   11487
           11488   11489   11490   11491   11492   11493   11494   11495
           11496   11497   11498   11499   11500   11501   11502   11503
           11504   11505   11506   11507   11508   11509   11510   11511
           11512   11513   11514   11515   11516   11517   11518   11519
           11520   11521   11522   11523   11524   11525   11526   11527
           11528   11529   11530   11531   11532   11533   11534   11535
           11536   11537   11538   11539   11540   11541   11542   11543
           11544   11545   11546   11547   11548   11549   11550   11551
           11552   11553   11554   11555   11556   11557   11558   11559
           11560   11561   11562   11563   11564   11565   11566   11567
           11568   11569   11570   11571   11572   11573   11574   11575
           11576   11577   11578   11579   11580   11581   11582   11583
           11584   11585   11586   11587   11588   11589   11590   11591
           11592   11593   11594   11595   11596   11597   11598   11599
           11600   11601   11602   11603   11604   11605   11606   11607
           11608   11609   11610   11611   11612   11613   11614   11615
           11616   11617   11618   11619   11620   11621   11622   11623
           11624   11625   11626   11627   11628   11629   11630   11631
           11632   11633   11634   11635   11636   11637                
$1......2.......3.......4.......IW-WING-LHS ...............
AELIST      2001    2001    2002    2003    2004    2005    2006    2007
            2008    2009    2010    2011    2012    2013    2014    2015
            2016    2017    2018    2019    2020    2021    2022    2023
            2024    2025    2026    2027    2028    2029    2030    2031
            2032    2033    2034    2035    2036    2037    2038    2039
            2040    2041    2042    2043    2044    2045    2046    2047
            2048    2049    2050    2051    2052    2053    2054    2055
            2056    2057    2058    2059    2060    2061    2062    2063
            2064    2065    2066    2067    2068    2069    2070    2071
            2072    2073    2074    2075    2076    2077    2078    2079
            2080    2081    2082    2083    2084    2085    2086    2087
            2088    2089    2090    2091    2092    2093    2094    2095
            2096    2097    2098    2099    2100    2101    2102    2103
            2104    2105    2106    2107    2108    2109    2110    2111
            2112    2113    2114    2115    2116    2117    2118    2119
            2120    2121    2122    2123    2124    2125    2126    2127
            2128    2129    2130    2131    2132    2133    2134    2135
            2136    2137    2138    2139    2140                        
$1......2.......3.......4.......IW-WING-RHS ...............
AELIST     12001   12001   12002   12003   12004   12005   12006   12007
           12008   12009   12010   12011   12012   12013   12014   12015
           12016   12017   12018   12019   12020   12021   12022   12023
           12024   12025   12026   12027   12028   12029   12030   12031
           12032   12033   12034   12035   12036   12037   12038   12039
           12040   12041   12042   12043   12044   12045   12046   12047
           12048   12049   12050   12051   12052   12053   12054   12055
           12056   12057   12058   12059   12060   12061   12062   12063
           12064   12065   12066   12067   12068   12069   12070   12071
           12072   12073   12074   12075   12076   12077   12078   12079
           12080   12081   12082   12083   12084   12085   12086   12087
           12088   12089   12090   12091   12092   12093   12094   12095
           12096   12097   12098   12099   12100   12101   12102   12103
           12104   12105   12106   12107   12108   12109   12110   12111
           12112   12113   12114   12115   12116   12117   12118   12119
           12120   12121   12122   12123   12124   12125   12126   12127
           12128   12129   12130   12131   12132   12133   12134   12135
           12136   12137   12138   12139   12140                        
$1......2.......3.......4.......IW-BF-LHS ...............
AELIST      3001    3001    3002    3003    3004    3005    3006    3007
            3008    3009    3010    3011    3012    3013    3014    3015
            3016    3017    3018    3019    3020    3021    3022    3023
            3024    3025    3026    3027    3028    3029    3030    3031
            3032    3033    3034    3035    3036    3037    3038    3039
            3040    3041    3042    3043    3044    3045    3046    3047
            3048    3049    3050    3051    3052    3053    3054    3055
            3056                                                        
$1......2.......3.......4.......IW-BF-RHS ...............
AELIST     13001   13001   13002   13003   13004   13005   13006   13007
           13008   13009   13010   13011   13012   13013   13014   13015
           13016   13017   13018   13019   13020   13021   13022   13023
           13024   13025   13026   13027   13028   13029   13030   13031
           13032   13033   13034   13035   13036   13037   13038   13039
           13040   13041   13042   13043   13044   13045   13046   13047
           13048   13049   13050   13051   13052   13053   13054   13055
           13056                                                        
$1......2.......3.......4.......CB - Main Wing - LHS ...............
AELIST      4001    4001    4002    4003    4004    4005    4006    4007
            4008    4009    4010    4011    4012    4013    4014    4015
            4016    4017    4018    4019    4020    4021    4022    4023
            4024    4025    4026    4027    4028    4029    4030    4031
            4032    4033    4034    4035    4036    4037    4038    4039
            4040    4041    4042    4043    4044    4045    4046    4047
            4048    4049    4050    4051    4052    4053    4054    4055
            4056    4057    4058    4059    4060    4061    4062    4063
            4064    4065    4066    4067    4068    4069    4070    4071
            4072    4073    4074    4075    4076    4077    4078    4079
            4080    4081    4082    4083    4084    4085    4086    4087
            4088    4089    4090    4091    4092    4093    4094    4095
            4096    4097    4098    4099    4100                        
$1......2.......3.......4.......CB - Main Wing - RHS ...............
AELIST     14001   14001   14002   14003   14004   14005   14006   14007
           14008   14009   14010   14011   14012   14013   14014   14015
           14016   14017   14018   14019   14020   14021   14022   14023
           14024   14025   14026   14027   14028   14029   14030   14031
           14032   14033   14034   14035   14036   14037   14038   14039
           14040   14041   14042   14043   14044   14045   14046   14047
           14048   14049   14050   14051   14052   14053   14054   14055
           14056   14057   14058   14059   14060   14061   14062   14063
           14064   14065   14066   14067   14068   14069   14070   14071
           14072   14073   14074   14075   14076   14077   14078   14079
           14080   14081   14082   14083   14084   14085   14086   14087
           14088   14089   14090   14091   14092   14093   14094   14095
           14096   14097   14098   14099   14100                        
$1......2.......3.......4.......WINGLET - LHS ...............
AELIST     32000   32000   32001   32002   32003   32004   32005   32006
           32007   32008   32009   32010   32011   32012   32013   32014
           32015   32016   32017   32018   32019   32020   32021   32022
           32023   32024                                                
$1......2.......3.......4.......WINGLET - LHS ...............
AELIST     33000   33000   33001   33002   33003   33004   33005   33006
           33007   33008   33009   33010   33011   33012   33013   33014
           33015   33016   33017   33018   33019   33020   33021   33022
           33023   33024                                                
$1......2.......3.......4.......WINGLET - LHS ...............
AELIST     34000   34000   34001   34002   34003   34004   34005   34006
           34007   34008   34009   34010   34011   34012   34013   34014
           34015   34016   34017   34018   34019   34020   34021   34022
           34023   34024   34025   34026   34027   34028   34029   34030
           34031   34032   34033   34034   34035   34036   34037   34038
           34039                                                        
$1......2.......3.......4.......WINGLET - RHS ...............
AELIST     42000   42000   42001   42002   42003   42004   42005   42006
           42007   42008   42009   42010   42011   42012   42013   42014
           42015   42016   42017   42018   42019   42020   42021   42022
           42023   42024                                                
$1......2.......3.......4.......WINGLET - RHS ...............
AELIST     43000   43000   43001   43002   43003   43004   43005   43006
           43007   43008   43009   43010   43011   43012   43013   43014
           43015   43016   43017   43018   43019   43020   43021   43022
           43023   43024                                                
$1......2.......3.......4.......WINGLET - RHS ...............
AELIST     44000   44000   44001   44002   44003   44004   44005   44006
           44007   44008   44009   44010   44011   44012   44013   44014
           44015   44016   44017   44018   44019   44020   44021   44022
           44023   44024   44025   44026   44027   44028   44029   44030
           44031   44032   44033   44034   44035   44036   44037   44038
           44039                                                        
