CTRIAR    500001     123  420056  420069  420054     102
CTRIAR  10500001     223104200561042006910420054     122
CTRIAR    500002     123  420055  420069  420056     102
CTRIAR  10500002     223104200551042006910420056     122
CTRIAR    500003     123  420069  420055  420068     102
CTRIAR  10500003     223104200691042005510420068     122
CTRIAR    500004     123  420076  420029  420075     102
CTRIAR  10500004     223104200761042002910420075     122
CTRIAR    500005     123  420075  420029  420030     102
CTRIAR  10500005     223104200751042002910420030     122
CTRIAR    500006     123  420076  420028  420029     102
CTRIAR  10500006     223104200761042002810420029     122
CTRIAR    500007     123  420115  420028  420076     102
CTRIAR  10500007     223104201151042002810420076     122
CTRIAR    500008     123  420028  420115  420027     102
CTRIAR  10500008     223104200281042011510420027     122
CTRIAR    500009     123  420027  420115  420116     102
CTRIAR  10500009     223104200271042011510420116     122
CTRIAR    500010     123  420023  420119  420067     102
CTRIAR  10500010     223104200231042011910420067     122
CTRIAR    500011     123  420024  420119  420023     102
CTRIAR  10500011     223104200241042011910420023     122
CTRIAR    500012     123  420119  420024  420118     102
CTRIAR  10500012     223104201191042002410420118     122
CTRIAR    500013     123  420118  420024  420025     102
CTRIAR  10500013     223104201181042002410420025     122
CTRIAR    500014     123  420026  420027  420116     102
CTRIAR  10500014     223104200261042002710420116     122
CTRIAR    500015     123  420117  420026  420116     102
CTRIAR  10500015     223104201171042002610420116     122
CTRIAR    500016     123  420118  420025  420117     102
CTRIAR  10500016     223104201181042002510420117     122
CTRIAR    500017     123  420117  420025  420026     102
CTRIAR  10500017     223104201171042002510420026     122
CTRIAR    500018     123  420057  420023  420067     102
CTRIAR  10500018     223104200571042002310420067     122
CTRIAR    500019     123  420023  420057  420022     102
CTRIAR  10500019     223104200231042005710420022     122
CTRIAR    500020     123  420062  420022  420057     102
CTRIAR  10500020     223104200621042002210420057     122
CTRIAR    500021     123  420022  420062  420021     102
CTRIAR  10500021     223104200221042006210420021     122
CTRIAR    500022     123  420021  420062  420063     102
CTRIAR  10500022     223104200211042006210420063     122
CTRIAR    500023     123  420018  420061  420017     102
CTRIAR  10500023     223104200181042006110420017     122
CTRIAR    500024     123  420061  420018  420066     102
CTRIAR  10500024     223104200611042001810420066     122
CTRIAR    500025     123  420019  420066  420018     102
CTRIAR  10500025     223104200191042006610420018     122
CTRIAR    500026     123  420066  420019  420065     102
CTRIAR  10500026     223104200661042001910420065     122
CTRIAR    500027     123  420020  420021  420063     102
CTRIAR  10500027     223104200201042002110420063     122
CTRIAR    500028     123  420064  420020  420063     102
CTRIAR  10500028     223104200641042002010420063     122
CTRIAR    500029     123  420102  420017  420061     102
CTRIAR  10500029     223104201021042001710420061     122
CTRIAR    500030     123  420017  420102  420016     102
CTRIAR  10500030     223104200171042010210420016     122
CTRIAR    500031     123  420016  420101  420015     102
CTRIAR  10500031     223104200161042010110420015     122
CTRIAR    500032     123  420101  420016  420102     102
CTRIAR  10500032     223104201011042001610420102     122
CTRIAR    500033     123  420058  420062  420057     102
CTRIAR  10500033     223104200581042006210420057     122
CTRIAR    500034     123  420062  420059  420063     102
CTRIAR  10500034     223104200621042005910420063     122
CTRIAR    500035     123  420059  420062  420058     102
CTRIAR  10500035     223104200591042006210420058     122
CTRIAR    500036     123  420066  420122  420061     102
CTRIAR  10500036     223104200661042012210420061     122
CTRIAR    500037     123  420065  420187  420066     102
CTRIAR  10500037     223104200651042018710420066     122
CTRIAR    500038     123  420064  420188  420065     102
CTRIAR  10500038     223104200641042018810420065     122
CTRIAR    500039     123  420064  420060  420188     102
CTRIAR  10500039     223104200641042006010420188     122
CTRIAR    500040     123  420063  420060  420064     102
CTRIAR  10500040     223104200631042006010420064     122
CTRIAR    500041     123  420060  420063  420059     102
CTRIAR  10500041     223104200601042006310420059     122
CTRIAR    500042     123  420054  420188  420060     102
CTRIAR  10500042     223104200541042018810420060     122
CTRIAR    500043     123  420065  420188  420187     102
CTRIAR  10500043     223104200651042018810420187     122
CTRIAR    500044     123  420187  420188  420054     102
CTRIAR  10500044     223104201871042018810420054     122
CTRIAR    500045     123  420069  420187  420054     102
CTRIAR  10500045     223104200691042018710420054     122
CTRIAR    500046     123  420069  420068  420187     102
CTRIAR  10500046     223104200691042006810420187     122
CTRIAR    500047     123  420122  420187  420068     102
CTRIAR  10500047     223104201221042018710420068     122
CTRIAR    500048     123  420187  420122  420066     102
CTRIAR  10500048     223104201871042012210420066     122
CTRIAR    500049     123  420061  420121  420102     102
CTRIAR  10500049     223104200611042012110420102     122
CTRIAR    500050     123  420122  420121  420061     102
CTRIAR  10500050     223104201221042012110420061     122
CTRIAR    500051     123  420068  420120  420122     102
CTRIAR  10500051     223104200681042012010420122     122
CTRIAR    500052     123  420122  420120  420121     102
CTRIAR  10500052     223104201221042012010420121     122
CTRIAR    500053     123  420124  420115  420076     102
CTRIAR  10500053     223104201241042011510420076     122
CTRIAR    500054     123  420123  420189  420124     102
CTRIAR  10500054     223104201231042018910420124     122
CTRIAR    500055     123  420125  420189  420123     102
CTRIAR  10500055     223104201251042018910420123     122
CTRIAR    500056     123  420126  420190  420125     102
CTRIAR  10500056     223104201261042019010420125     122
CTRIAR    500057     123  420127  420191  420126     102
CTRIAR  10500057     223104201271042019110420126     122
CTRIAR    500058     123  420128  420192  420127     102
CTRIAR  10500058     223104201281042019210420127     122
CTRIAR    500059     123  420191  420127  420192     102
CTRIAR  10500059     223104201911042012710420192     122
CTRIAR    500060     123  420192  420118  420191     102
CTRIAR  10500060     223104201921042011810420191     122
CTRIAR    500061     123  420117  420191  420118     102
CTRIAR  10500061     223104201171042019110420118     122
CTRIAR    500062     123  420126  420191  420190     102
CTRIAR  10500062     223104201261042019110420190     122
CTRIAR    500063     123  420190  420191  420117     102
CTRIAR  10500063     223104201901042019110420117     122
CTRIAR    500064     123  420116  420190  420117     102
CTRIAR  10500064     223104201161042019010420117     122
CTRIAR    500065     123  420125  420190  420189     102
CTRIAR  10500065     223104201251042019010420189     122
CTRIAR    500066     123  420189  420190  420116     102
CTRIAR  10500066     223104201891042019010420116     122
CTRIAR    500067     123  420115  420189  420116     102
CTRIAR  10500067     223104201151042018910420116     122
CTRIAR    500068     123  420189  420115  420124     102
CTRIAR  10500068     223104201891042011510420124     122
CTRIAR    500069     123  420085  420079  420078     102
CTRIAR  10500069     223104200851042007910420078     122
CTRIAR    500070     123  420123  420079  420085     102
CTRIAR  10500070     223104201231042007910420085     122
CTRIAR    500071     123  420079  420123  420080     102
CTRIAR  10500071     223104200791042012310420080     122
CTRIAR    500072     123  420124  420080  420123     102
CTRIAR  10500072     223104201241042008010420123     122
CTRIAR    500073     123  420076  420075  420124     102
CTRIAR  10500073     223104200761042007510420124     122
CTRIAR    500074     123  420124  420075  420080     102
CTRIAR  10500074     223104201241042007510420080     122
CTRIAR    500075     123  420106  420055  420074     102
CTRIAR  10500075     223104201061042005510420074     122
CTRIAR    500076     123  420131  420193  420130     102
CTRIAR  10500076     223104201311042019310420130     122
CTRIAR    500077     123  420132  420194  420131     102
CTRIAR  10500077     223104201321042019410420131     122
CTRIAR    500078     123  420133  420195  420132     102
CTRIAR  10500078     223104201331042019510420132     122
CTRIAR    500079     123  420054  420133  420056     102
CTRIAR  10500079     223104200541042013310420056     122
CTRIAR    500080     123  420133  420054  420195     102
CTRIAR  10500080     223104201331042005410420195     122
CTRIAR    500081     123  420074  420056  420133     102
CTRIAR  10500081     223104200741042005610420133     122
CTRIAR    500082     123  420056  420074  420055     102
CTRIAR  10500082     223104200561042007410420055     122
CTRIAR    500083     123  420073  420195  420054     102
CTRIAR  10500083     223104200731042019510420054     122
CTRIAR    500084     123  420132  420195  420194     102
CTRIAR  10500084     223104201321042019510420194     122
CTRIAR    500085     123  420194  420195  420073     102
CTRIAR  10500085     223104201941042019510420073     122
CTRIAR    500086     123  420072  420194  420073     102
CTRIAR  10500086     223104200721042019410420073     122
CTRIAR    500087     123  420131  420194  420193     102
CTRIAR  10500087     223104201311042019410420193     122
CTRIAR    500088     123  420193  420194  420072     102
CTRIAR  10500088     223104201931042019410420072     122
CTRIAR    500089     123  420071  420193  420072     102
CTRIAR  10500089     223104200711042019310420072     122
CTRIAR    500090     123  420071  420130  420193     102
CTRIAR  10500090     223104200711042013010420193     122
CTRIAR    500091     123  420127  420196  420128     102
CTRIAR  10500091     223104201271042019610420128     122
CTRIAR    500092     123  420126  420197  420127     102
CTRIAR  10500092     223104201261042019710420127     122
CTRIAR    500093     123  420125  420198  420126     102
CTRIAR  10500093     223104201251042019810420126     122
CTRIAR    500094     123  420125  420123  420085     102
CTRIAR  10500094     223104201251042012310420085     122
CTRIAR    500095     123  420134  420125  420085     102
CTRIAR  10500095     223104201341042012510420085     122
CTRIAR    500096     123  420125  420134  420198     102
CTRIAR  10500096     223104201251042013410420198     122
CTRIAR    500097     123  420135  420198  420134     102
CTRIAR  10500097     223104201351042019810420134     122
CTRIAR    500098     123  420126  420198  420197     102
CTRIAR  10500098     223104201261042019810420197     122
CTRIAR    500099     123  420197  420198  420135     102
CTRIAR  10500099     223104201971042019810420135     122
CTRIAR    500100     123  420136  420197  420135     102
CTRIAR  10500100     223104201361042019710420135     122
CTRIAR    500101     123  420127  420197  420196     102
CTRIAR  10500101     223104201271042019710420196     122
CTRIAR    500102     123  420196  420197  420136     102
CTRIAR  10500102     223104201961042019710420136     122
CTRIAR    500103     123  420137  420196  420136     102
CTRIAR  10500103     223104201371042019610420136     122
CTRIAR    500104     123  420137  420128  420196     102
CTRIAR  10500104     223104201371042012810420196     122
CTRIAR    500105     123  420074  420139  420106     102
CTRIAR  10500105     223104200741042013910420106     122
CTRIAR    500106     123  420141  420139  420074     102
CTRIAR  10500106     223104201411042013910420074     122
CTRIAR    500107     123  420140  420138  420141     102
CTRIAR  10500107     223104201401042013810420141     122
CTRIAR    500108     123  420141  420138  420139     102
CTRIAR  10500108     223104201411042013810420139     122
CTRIAR    500109     123  420143  420130  420129     102
CTRIAR  10500109     223104201431042013010420129     122
CTRIAR    500110     123  420143  420142  420146     102
CTRIAR  10500110     223104201431042014210420146     122
CTRIAR    500111     123  420147  420199  420146     102
CTRIAR  10500111     223104201471042019910420146     122
CTRIAR    500112     123  420148  420200  420147     102
CTRIAR  10500112     223104201481042020010420147     122
CTRIAR    500113     123  420149  420202  420148     102
CTRIAR  10500113     223104201491042020210420148     122
CTRIAR    500114     123  420140  420201  420149     102
CTRIAR  10500114     223104201401042020110420149     122
CTRIAR    500115     123  420141  420201  420140     102
CTRIAR  10500115     223104201411042020110420140     122
CTRIAR    500116     123  420141  420074  420133     102
CTRIAR  10500116     223104201411042007410420133     122
CTRIAR    500117     123  420132  420202  420133     102
CTRIAR  10500117     223104201321042020210420133     122
CTRIAR    500118     123  420200  420148  420202     102
CTRIAR  10500118     223104202001042014810420202     122
CTRIAR    500119     123  420202  420132  420200     102
CTRIAR  10500119     223104202021042013210420200     122
CTRIAR    500120     123  420131  420200  420132     102
CTRIAR  10500120     223104201311042020010420132     122
CTRIAR    500121     123  420147  420200  420199     102
CTRIAR  10500121     223104201471042020010420199     122
CTRIAR    500122     123  420199  420200  420131     102
CTRIAR  10500122     223104201991042020010420131     122
CTRIAR    500123     123  420130  420199  420131     102
CTRIAR  10500123     223104201301042019910420131     122
CTRIAR    500124     123  420143  420199  420130     102
CTRIAR  10500124     223104201431042019910420130     122
CTRIAR    500125     123  420199  420143  420146     102
CTRIAR  10500125     223104201991042014310420146     122
CTRIAR    500126     123  420201  420141  420133     102
CTRIAR  10500126     223104202011042014110420133     122
CTRIAR    500127     123  420201  420133  420202     102
CTRIAR  10500127     223104202011042013310420202     122
CTRIAR    500128     123  420202  420149  420201     102
CTRIAR  10500128     223104202021042014910420201     122
CTRIAR    500129     123  420145  420134  420085     102
CTRIAR  10500129     223104201451042013410420085     122
CTRIAR    500130     123  420144  420203  420145     102
CTRIAR  10500130     223104201441042020310420145     122
CTRIAR    500131     123  420150  420203  420144     102
CTRIAR  10500131     223104201501042020310420144     122
CTRIAR    500132     123  420151  420204  420150     102
CTRIAR  10500132     223104201511042020410420150     122
CTRIAR    500133     123  420152  420205  420151     102
CTRIAR  10500133     223104201521042020510420151     122
CTRIAR    500134     123  420152  420142  420143     102
CTRIAR  10500134     223104201521042014210420143     122
CTRIAR    500135     123  420143  420129  420137     102
CTRIAR  10500135     223104201431042012910420137     122
CTRIAR    500136     123  420152  420143  420205     102
CTRIAR  10500136     223104201521042014310420205     122
CTRIAR    500137     123  420205  420143  420137     102
CTRIAR  10500137     223104202051042014310420137     122
CTRIAR    500138     123  420136  420205  420137     102
CTRIAR  10500138     223104201361042020510420137     122
CTRIAR    500139     123  420151  420205  420204     102
CTRIAR  10500139     223104201511042020510420204     122
CTRIAR    500140     123  420204  420205  420136     102
CTRIAR  10500140     223104202041042020510420136     122
CTRIAR    500141     123  420135  420204  420136     102
CTRIAR  10500141     223104201351042020410420136     122
CTRIAR    500142     123  420150  420204  420203     102
CTRIAR  10500142     223104201501042020410420203     122
CTRIAR    500143     123  420203  420204  420135     102
CTRIAR  10500143     223104202031042020410420135     122
CTRIAR    500144     123  420134  420203  420135     102
CTRIAR  10500144     223104201341042020310420135     122
CTRIAR    500145     123  420203  420134  420145     102
CTRIAR  10500145     223104202031042013410420145     122
CTRIAR    500146     123  420092  420087  420086     102
CTRIAR  10500146     223104200921042008710420086     122
CTRIAR    500147     123  420144  420087  420092     102
CTRIAR  10500147     223104201441042008710420092     122
CTRIAR    500148     123  420087  420144  420088     102
CTRIAR  10500148     223104200871042014410420088     122
CTRIAR    500149     123  420145  420088  420144     102
CTRIAR  10500149     223104201451042008810420144     122
CTRIAR    500150     123  420085  420078  420145     102
CTRIAR  10500150     223104200851042007810420145     122
CTRIAR    500151     123  420145  420078  420088     102
CTRIAR  10500151     223104201451042007810420088     122
CTRIAR    500152     123  420140  420110  420138     102
CTRIAR  10500152     223104201401042011010420138     122
CTRIAR    500153     123  420110  420140  420153     102
CTRIAR  10500153     223104201101042014010420153     122
CTRIAR    500154     123  420149  420153  420140     102
CTRIAR  10500154     223104201491042015310420140     122
CTRIAR    500155     123  420148  420206  420149     102
CTRIAR  10500155     223104201481042020610420149     122
CTRIAR    500156     123  420147  420207  420148     102
CTRIAR  10500156     223104201471042020710420148     122
CTRIAR    500157     123  420146  420208  420147     102
CTRIAR  10500157     223104201461042020810420147     122
CTRIAR    500158     123  420146  420142  420154     102
CTRIAR  10500158     223104201461042014210420154     122
CTRIAR    500159     123  420155  420146  420154     102
CTRIAR  10500159     223104201551042014610420154     122
CTRIAR    500160     123  420146  420155  420208     102
CTRIAR  10500160     223104201461042015510420208     122
CTRIAR    500161     123  420156  420208  420155     102
CTRIAR  10500161     223104201561042020810420155     122
CTRIAR    500162     123  420147  420208  420207     102
CTRIAR  10500162     223104201471042020810420207     122
CTRIAR    500163     123  420207  420208  420156     102
CTRIAR  10500163     223104202071042020810420156     122
CTRIAR    500164     123  420206  420153  420149     102
CTRIAR  10500164     223104202061042015310420149     122
CTRIAR    500165     123  420206  420148  420207     102
CTRIAR  10500165     223104202061042014810420207     122
CTRIAR    500166     123  420153  420206  420157     102
CTRIAR  10500166     223104201531042020610420157     122
CTRIAR    500167     123  420157  420207  420156     102
CTRIAR  10500167     223104201571042020710420156     122
CTRIAR    500168     123  420207  420157  420206     102
CTRIAR  10500168     223104202071042015710420206     122
CTRIAR    500169     123  420151  420209  420152     102
CTRIAR  10500169     223104201511042020910420152     122
CTRIAR    500170     123  420150  420209  420151     102
CTRIAR  10500170     223104201501042020910420151     122
CTRIAR    500171     123  420150  420144  420092     102
CTRIAR  10500171     223104201501042014410420092     122
CTRIAR    500172     123  420158  420150  420092     102
CTRIAR  10500172     223104201581042015010420092     122
CTRIAR    500173     123  420150  420158  420209     102
CTRIAR  10500173     223104201501042015810420209     122
CTRIAR    500174     123  420159  420209  420158     102
CTRIAR  10500174     223104201591042020910420158     122
CTRIAR    500175     123  420160  420209  420159     102
CTRIAR  10500175     223104201601042020910420159     122
CTRIAR    500176     123  420160  420152  420209     102
CTRIAR  10500176     223104201601042015210420209     122
CTRIAR    500177     123  420153  420162  420110     102
CTRIAR  10500177     223104201531042016210420110     122
CTRIAR    500178     123  420164  420162  420153     102
CTRIAR  10500178     223104201641042016210420153     122
CTRIAR    500179     123  420163  420161  420164     102
CTRIAR  10500179     223104201631042016110420164     122
CTRIAR    500180     123  420164  420161  420162     102
CTRIAR  10500180     223104201641042016110420162     122
CTRIAR    500181     123  420166  420155  420154     102
CTRIAR  10500181     223104201661042015510420154     122
CTRIAR    500182     123  420166  420165  420169     102
CTRIAR  10500182     223104201661042016510420169     122
CTRIAR    500183     123  420170  420210  420169     102
CTRIAR  10500183     223104201701042021010420169     122
CTRIAR    500184     123  420171  420211  420170     102
CTRIAR  10500184     223104201711042021110420170     122
CTRIAR    500185     123  420163  420212  420171     102
CTRIAR  10500185     223104201631042021210420171     122
CTRIAR    500186     123  420164  420212  420163     102
CTRIAR  10500186     223104201641042021210420163     122
CTRIAR    500187     123  420164  420153  420157     102
CTRIAR  10500187     223104201641042015310420157     122
CTRIAR    500188     123  420156  420212  420157     102
CTRIAR  10500188     223104201561042021210420157     122
CTRIAR    500189     123  420210  420170  420211     102
CTRIAR  10500189     223104202101042017010420211     122
CTRIAR    500190     123  420156  420211  420212     102
CTRIAR  10500190     223104201561042021110420212     122
CTRIAR    500191     123  420211  420156  420210     102
CTRIAR  10500191     223104202111042015610420210     122
CTRIAR    500192     123  420155  420210  420156     102
CTRIAR  10500192     223104201551042021010420156     122
CTRIAR    500193     123  420166  420210  420155     102
CTRIAR  10500193     223104201661042021010420155     122
CTRIAR    500194     123  420210  420166  420169     102
CTRIAR  10500194     223104202101042016610420169     122
CTRIAR    500195     123  420212  420164  420157     102
CTRIAR  10500195     223104202121042016410420157     122
CTRIAR    500196     123  420212  420211  420171     102
CTRIAR  10500196     223104202121042021110420171     122
CTRIAR    500197     123  420168  420158  420092     102
CTRIAR  10500197     223104201681042015810420092     122
CTRIAR    500198     123  420167  420213  420168     102
CTRIAR  10500198     223104201671042021310420168     122
CTRIAR    500199     123  420172  420213  420167     102
CTRIAR  10500199     223104201721042021310420167     122
CTRIAR    500200     123  420173  420214  420172     102
CTRIAR  10500200     223104201731042021410420172     122
CTRIAR    500201     123  420173  420165  420166     102
CTRIAR  10500201     223104201731042016510420166     122
CTRIAR    500202     123  420166  420154  420160     102
CTRIAR  10500202     223104201661042015410420160     122
CTRIAR    500203     123  420173  420166  420214     102
CTRIAR  10500203     223104201731042016610420214     122
CTRIAR    500204     123  420214  420166  420160     102
CTRIAR  10500204     223104202141042016610420160     122
CTRIAR    500205     123  420159  420214  420160     102
CTRIAR  10500205     223104201591042021410420160     122
CTRIAR    500206     123  420172  420214  420213     102
CTRIAR  10500206     223104201721042021410420213     122
CTRIAR    500207     123  420213  420214  420159     102
CTRIAR  10500207     223104202131042021410420159     122
CTRIAR    500208     123  420158  420213  420159     102
CTRIAR  10500208     223104201581042021310420159     122
CTRIAR    500209     123  420213  420158  420168     102
CTRIAR  10500209     223104202131042015810420168     122
CTRIAR    500210     123  420099  420094  420093     102
CTRIAR  10500210     223104200991042009410420093     122
CTRIAR    500211     123  420167  420094  420099     102
CTRIAR  10500211     223104201671042009410420099     122
CTRIAR    500212     123  420094  420167  420095     102
CTRIAR  10500212     223104200941042016710420095     122
CTRIAR    500213     123  420168  420095  420167     102
CTRIAR  10500213     223104201681042009510420167     122
CTRIAR    500214     123  420092  420086  420168     102
CTRIAR  10500214     223104200921042008610420168     122
CTRIAR    500215     123  420168  420086  420095     102
CTRIAR  10500215     223104201681042008610420095     122
CTRIAR    500216     123  420163  420114  420161     102
CTRIAR  10500216     223104201631042011410420161     122
CTRIAR    500217     123  420114  420163  420174     102
CTRIAR  10500217     223104201141042016310420174     122
CTRIAR    500218     123  420171  420174  420163     102
CTRIAR  10500218     223104201711042017410420163     122
CTRIAR    500219     123  420170  420215  420171     102
CTRIAR  10500219     223104201701042021510420171     122
CTRIAR    500220     123  420169  420215  420170     102
CTRIAR  10500220     223104201691042021510420170     122
CTRIAR    500221     123  420169  420165  420175     102
CTRIAR  10500221     223104201691042016510420175     122
CTRIAR    500222     123  420176  420169  420175     102
CTRIAR  10500222     223104201761042016910420175     122
CTRIAR    500223     123  420169  420176  420215     102
CTRIAR  10500223     223104201691042017610420215     122
CTRIAR    500224     123  420177  420215  420176     102
CTRIAR  10500224     223104201771042021510420176     122
CTRIAR    500225     123  420174  420171  420215     102
CTRIAR  10500225     223104201741042017110420215     122
CTRIAR    500226     123  420215  420177  420174     102
CTRIAR  10500226     223104202151042017710420174     122
CTRIAR    500227     123  420172  420216  420173     102
CTRIAR  10500227     223104201721042021610420173     122
CTRIAR    500228     123  420172  420167  420099     102
CTRIAR  10500228     223104201721042016710420099     122
CTRIAR    500229     123  420178  420172  420099     102
CTRIAR  10500229     223104201781042017210420099     122
CTRIAR    500230     123  420172  420178  420216     102
CTRIAR  10500230     223104201721042017810420216     122
CTRIAR    500231     123  420179  420216  420178     102
CTRIAR  10500231     223104201791042021610420178     122
CTRIAR    500232     123  420179  420173  420216     102
CTRIAR  10500232     223104201791042017310420216     122
CTRIAR    500233     123  420174  420180  420114     102
CTRIAR  10500233     223104201741042018010420114     122
CTRIAR    500234     123  420180  420174  420181     102
CTRIAR  10500234     223104201801042017410420181     122
CTRIAR    500235     123  420177  420181  420174     102
CTRIAR  10500235     223104201771042018110420174     122
CTRIAR    500236     123  420181  420177  420185     102
CTRIAR  10500236     223104201811042017710420185     122
CTRIAR    500237     123  420175  420182  420184     102
CTRIAR  10500237     223104201751042018210420184     122
CTRIAR    500238     123  420175  420184  420176     102
CTRIAR  10500238     223104201751042018410420176     122
CTRIAR    500239     123  420176  420185  420177     102
CTRIAR  10500239     223104201761042018510420177     122
CTRIAR    500240     123  420185  420176  420184     102
CTRIAR  10500240     223104201851042017610420184     122
CTRIAR    500241     123  420183  420178  420099     102
CTRIAR  10500241     223104201831042017810420099     122
CTRIAR    500242     123  420186  420178  420183     102
CTRIAR  10500242     223104201861042017810420183     122
CTRIAR    500243     123  420186  420179  420178     102
CTRIAR  10500243     223104201861042017910420178     122
CTRIAR    500244     123  110054  420183  420100     102
CTRIAR  10500244     223101100541042018310420100     122
CTRIAR    500245     123  420183  110054  110055     102
CTRIAR  10500245     223104201831011005410110055     122
CTRIAR    500246     123  110055  420186  420183     102
CTRIAR  10500246     223101100551042018610420183     122
CTRIAR    500247     123  110056  420186  110055     102
CTRIAR  10500247     223101100561042018610110055     122
CTRIAR    500248     123  110057  420182  110056     102
CTRIAR  10500248     223101100571042018210110056     122
CTRIAR    500249     123  110056  420182  420186     102
CTRIAR  10500249     223101100561042018210420186     122
CTRIAR    500250     123  420185  110059  420181     102
CTRIAR  10500250     223104201851011005910420181     122
CTRIAR    500251     123  110059  420185  110058     102
CTRIAR  10500251     223101100591042018510110058     122
CTRIAR    500252     123  420184  110058  420185     102
CTRIAR  10500252     223104201841011005810420185     122
CTRIAR    500253     123  420182  110057  420184     102
CTRIAR  10500253     223104201821011005710420184     122
CTRIAR    500254     123  420184  110057  110058     102
CTRIAR  10500254     223104201841011005710110058     122
CTRIAR    500255     123  110060  420181  110059     102
CTRIAR  10500255     223101100601042018110110059     122
CTRIAR    500256     123  420181  110060  420180     102
CTRIAR  10500256     223104201811011006010420180     122
CTRIAR    500257     123  420111  420114  420180     102
CTRIAR  10500257     223104201111042011410420180     122
CTRIAR    500258     123  110060  110061  420180     102
CTRIAR  10500258     223101100601011006110420180     122
CTRIAR    500259     123  420180  110061  420111     102
CTRIAR  10500259     223104201801011006110420111     122
$CTRIAR    500260     123  420114  420111  420112     102
$CTRIAR  10500260     223104201141042011110420112     122
$CTRIAR    500261     123  420114  420112  420161     102
$CTRIAR  10500261     223104201141042011210420161     122
$CTRIAR    500262     123  420113  420161  420112     102
$CTRIAR  10500262     223104201131042016110420112     122
$CTRIAR    500263     123  420113  420162  420161     102
$CTRIAR  10500263     223104201131042016210420161     122
$CTRIAR    500264     123  420110  420107  420108     102
$CTRIAR  10500264     223104201101042010710420108     122
$CTRIAR    500265     123  420110  420108  420138     102
$CTRIAR  10500265     223104201101042010810420138     122
$CTRIAR    500266     123  420109  420138  420108     102
$CTRIAR  10500266     223104201091042013810420108     122
$CTRIAR    500267     123  420109  420139  420138     102
$CTRIAR  10500267     223104201091042013910420138     122
$CTRIAR    500268     123  420106  420103  420104     102
$CTRIAR  10500268     223104201061042010310420104     122
$CTRIAR    500269     123  420106  420104  420120     102
$CTRIAR  10500269     223104201061042010410420120     122
$CTRIAR    500270     123  420105  420120  420104     102
$CTRIAR  10500270     223104201051042012010420104     122
$CTRIAR    500271     123  420105  420121  420120     102
$CTRIAR  10500271     223104201051042012110420120     122
CTRIAR    500272     123  420060  420073  420054     102
CTRIAR  10500272     223104200601042007310420054     122
CTRIAR    500273     123  420059  420073  420060     102
CTRIAR  10500273     223104200591042007310420060     122
CTRIAR    500274     123  420073  420059  420072     102
CTRIAR  10500274     223104200731042005910420072     122
CTRIAR    500275     123  420057  420071  420058     102
CTRIAR  10500275     223104200571042007110420058     122
CTRIAR    500276     123  420072  420058  420071     102
CTRIAR  10500276     223104200721042005810420071     122
CTRIAR    500277     123  420058  420072  420059     102
CTRIAR  10500277     223104200581042007210420059     122
CTRIAR    500278     123  420077  420081   20035     102
CTRIAR  10500278     223104200771042008110020035     122
CTRIAR    500279     123   20035  420081   20034     102
CTRIAR  10500279     223100200351042008110020034     122
CTRIAR    500280     123  420031   20034  420081     102
CTRIAR  10500280     223104200311002003410420081     122
CTRIAR    500281     123  420032   20034  420031     102
CTRIAR  10500281     223104200321002003410420031     122
CTRIAR    500282     123   20034  420032   20014     102
CTRIAR  10500282     223100200341042003210020014     122
CTRIAR    500283     123  420081  420030  420031     102
CTRIAR  10500283     223104200811042003010420031     122
CTRIAR    500284     123  420077  420075  420081     102
CTRIAR  10500284     223104200771042007510420081     122
CTRIAR    500285     123  420081  420075  420030     102
CTRIAR  10500285     223104200811042007510420030     122
CTRIAR    500286     123  420077  420080  420075     102
CTRIAR  10500286     223104200771042008010420075     122
CTRIAR    500287     123  420084  420080  420077     102
CTRIAR  10500287     223104200841042008010420077     122
CTRIAR    500288     123  420083  420082  420078     102
CTRIAR  10500288     223104200831042008210420078     122
CTRIAR    500289     123  420079  420083  420078     102
CTRIAR  10500289     223104200791042008310420078     122
CTRIAR    500290     123  420080  420084  420079     102
CTRIAR  10500290     223104200801042008410420079     122
CTRIAR    500291     123  420079  420084  420083     102
CTRIAR  10500291     223104200791042008410420083     122
CTRIAR    500292     123  420082   20037   20038     102
CTRIAR  10500292     223104200821002003710020038     122
CTRIAR    500293     123  420083   20037  420082     102
CTRIAR  10500293     223104200831002003710420082     122
CTRIAR    500294     123  420084  420077   20035     102
CTRIAR  10500294     223104200841042007710020035     122
CTRIAR    500295     123   20036  420084   20035     102
CTRIAR  10500295     223100200361042008410020035     122
CTRIAR    500296     123   20037  420083   20036     102
CTRIAR  10500296     223100200371042008310020036     122
CTRIAR    500297     123   20036  420083  420084     102
CTRIAR  10500297     223100200361042008310420084     122
CTRIAR    500298     123  420082  420088  420078     102
CTRIAR  10500298     223104200821042008810420078     122
CTRIAR    500299     123  420091  420088  420082     102
CTRIAR  10500299     223104200911042008810420082     122
CTRIAR    500300     123  420090  420089  420086     102
CTRIAR  10500300     223104200901042008910420086     122
CTRIAR    500301     123  420087  420090  420086     102
CTRIAR  10500301     223104200871042009010420086     122
CTRIAR    500302     123  420088  420091  420087     102
CTRIAR  10500302     223104200881042009110420087     122
CTRIAR    500303     123  420087  420091  420090     102
CTRIAR  10500303     223104200871042009110420090     122
CTRIAR    500304     123   20038  420091  420082     102
CTRIAR  10500304     223100200381042009110420082     122
CTRIAR    500305     123   20039  420091   20038     102
CTRIAR  10500305     223100200391042009110020038     122
CTRIAR    500306     123   20040   20041  420089     102
CTRIAR  10500306     223100200401002004110420089     122
CTRIAR    500307     123  420090   20040  420089     102
CTRIAR  10500307     223104200901002004010420089     122
CTRIAR    500308     123  420091   20039  420090     102
CTRIAR  10500308     223104200911002003910420090     122
CTRIAR    500309     123  420090   20039   20040     102
CTRIAR  10500309     223104200901002003910020040     122
CTRIAR    500310     123  420089  420095  420086     102
CTRIAR  10500310     223104200891042009510420086     122
CTRIAR    500311     123  420098  420095  420089     102
CTRIAR  10500311     223104200981042009510420089     122
CTRIAR    500312     123  420095  420098  420094     102
CTRIAR  10500312     223104200951042009810420094     122
CTRIAR    500313     123  420097  420094  420098     102
CTRIAR  10500313     223104200971042009410420098     122
CTRIAR    500314     123  420096  420093  420097     102
CTRIAR  10500314     223104200961042009310420097     122
CTRIAR    500315     123  420097  420093  420094     102
CTRIAR  10500315     223104200971042009310420094     122
CTRIAR    500316     123   20041  420098  420089     102
CTRIAR  10500316     223100200411042009810420089     122
CTRIAR    500317     123   20042  420098   20041     102
CTRIAR  10500317     223100200421042009810020041     122
CTRIAR    500318     123   20043   20044  420096     102
CTRIAR  10500318     223100200431002004410420096     122
CTRIAR    500319     123  420097   20043  420096     102
CTRIAR  10500319     223104200971002004310420096     122
CTRIAR    500320     123  420098   20042  420097     102
CTRIAR  10500320     223104200981002004210420097     122
CTRIAR    500321     123  420097   20042   20043     102
CTRIAR  10500321     223104200971002004210020043     122
CTRIAR    500322     123   20044   10002  420096     102
CTRIAR  10500322     223100200441001000210420096     122
CTRIAR    500323     123  420096   10002  110053     102
CTRIAR  10500323     223104200961001000210110053     122
CTRIAR    500324     123  420100  110053  110054     102
CTRIAR  10500324     223104201001011005310110054     122
CTRIAR    500325     123  420093  420096  420100     102
CTRIAR  10500325     223104200931042009610420100     122
CTRIAR    500326     123  420100  420096  110053     102
CTRIAR  10500326     223104201001042009610110053     122
$CTRIAR    500327     123   20012  420101  420105     102
$CTRIAR  10500327     223100200121042010110420105     122
$CTRIAR    500328     123   20012  420105   20011     102
$CTRIAR  10500328     223100200121042010510020011     122
$CTRIAR    500329     123  420103   20009   20010     102
$CTRIAR  10500329     223104201031002000910020010     122
$CTRIAR    500330     123   20010  420104  420103     102
$CTRIAR  10500330     223100200101042010410420103     122
$CTRIAR    500331     123   20009  420103  420109     102
$CTRIAR  10500331     223100200091042010310420109     122
$CTRIAR    500332     123   20009  420109   20008     102
$CTRIAR  10500332     223100200091042010910020008     122
$CTRIAR    500333     123  420107   20006   20007     102
$CTRIAR  10500333     223104201071002000610020007     122
$CTRIAR    500334     123   20007  420108  420107     102
$CTRIAR  10500334     223100200071042010810420107     122
$CTRIAR    500335     123   20006  420107  420113     102
$CTRIAR  10500335     223100200061042010710420113     122
$CTRIAR    500336     123   20006  420113   20005     102
$CTRIAR  10500336     223100200061042011310020005     122
$CTRIAR    500337     123   20005  420112   20004     102
$CTRIAR  10500337     223100200051042011210020004     122
$CTRIAR    500338     123  420112   20005  420113     102
$CTRIAR  10500338     223104201121002000510420113     122
CTRIAR    500339     123   10052  420111  110061     102
CTRIAR  10500339     223100100521042011110110061     122
CTRIAR    500340     123  420111   10052   20003     102
CTRIAR  10500340     223104201111001005210020003     122
CTRIAR    500341     123  420101   20012   20013     102
CTRIAR  10500341     223104201011002001210020013     122
CTRIAR    500342     123   20002  420015   20013     102
CTRIAR  10500342     223100200021042001510020013     122
CTRIAR    500343     123   20013  420015  420101     102
CTRIAR  10500343     223100200131042001510420101     122
CTRIAR    500344     123  420020  420064  420019     102
CTRIAR  10500344     223104200201042006410420019     122
CTRIAR    500345     123  420065  420019  420064     102
CTRIAR  10500345     223104200651042001910420064     122
CTRIAR    500346     123  420067  420119  420070     102
CTRIAR  10500346     223104200671042011910420070     122
CTRIAR    500347     123  420128  420070  420119     102
CTRIAR  10500347     223104201281042007010420119     122
CTRIAR    500348     123  420118  420192  420119     102
CTRIAR  10500348     223104201181042019210420119     122
CTRIAR    500349     123  420128  420119  420192     102
CTRIAR  10500349     223104201281042011910420192     122
CTRIAR    500350     123  420068  420055  420120     102
CTRIAR  10500350     223104200681042005510420120     122
CTRIAR    500351     123  420106  420120  420055     102
CTRIAR  10500351     223104201061042012010420055     122
CTRIAR    500352     123  420130  420071  420129     102
CTRIAR  10500352     223104201301042007110420129     122
CTRIAR    500353     123  420070  420129  420071     102
CTRIAR  10500353     223104200701042012910420071     122
CTRIAR    500354     123  420128  420137  420070     102
CTRIAR  10500354     223104201281042013710420070     122
CTRIAR    500355     123  420129  420070  420137     102
CTRIAR  10500355     223104201291042007010420137     122
CTRIAR    500356     123  420152  420160  420142     102
CTRIAR  10500356     223104201521042016010420142     122
CTRIAR    500357     123  420154  420142  420160     102
CTRIAR  10500357     223104201541042014210420160     122
CTRIAR    500358     123  420173  420179  420165     102
CTRIAR  10500358     223104201731042017910420165     122
CTRIAR    500359     123  420175  420165  420179     102
CTRIAR  10500359     223104201751042016510420179     122
CTRIAR    500360     123  420175  420179  420182     102
CTRIAR  10500360     223104201751042017910420182     122
CTRIAR    500361     123  420186  420182  420179     102
CTRIAR  10500361     223104201861042018210420179     122
CTRIAR    500362     123  420093  420100  420099     102
CTRIAR  10500362     223104200931042010010420099     122
CTRIAR    500363     123  420183  420099  420100     102
CTRIAR  10500363     223104201831042009910420100     122
$CTRIAR    500364     123  420110  420162  420107     102
$CTRIAR  10500364     223104201101042016210420107     122
$CTRIAR    500365     123  420113  420107  420162     102
$CTRIAR  10500365     223104201131042010710420162     122
$CTRIAR    500366     123  420106  420139  420103     102
$CTRIAR  10500366     223104201061042013910420103     122
$CTRIAR    500367     123  420109  420103  420139     102
$CTRIAR  10500367     223104201091042010310420139     122
$CTRIAR    500368     123  420102  420121  420101     102
$CTRIAR  10500368     223104201021042012110420101     122
$CTRIAR    500369     123  420105  420101  420121     102
$CTRIAR  10500369     223104201051042010110420121     122
CTRIAR    500370     123  420071  420057  420070     102
CTRIAR  10500370     223104200711042005710420070     122
CTRIAR    500371     123  420067  420070  420057     102
CTRIAR  10500371     223104200671042007010420057     122
$CTRIAR    500372     123  420105  420104   20011     102
$CTRIAR  10500372     223104201051042010410020011     122
$CTRIAR    500373     123   20010   20011  420104     102
$CTRIAR  10500373     223100200101002001110420104     122
$CTRIAR    500374     123  420109  420108   20008     102
$CTRIAR  10500374     223104201091042010810020008     122
$CTRIAR    500375     123   20007   20008  420108     102
$CTRIAR  10500375     223100200071002000810420108     122
$CTRIAR    500376     123   20003   20004  420111     102
$CTRIAR  10500376     223100200031002000410420111     122
$CTRIAR    500377     123  420112  420111   20004     102
$CTRIAR  10500377     223104201121042011110020004     122
