CTRIAR    300001     111  210176  317601  210201     101
CTRIAR  10300001     111102101761031760110210201     121
CTRIAR    300002     111  210201  317601  320101     101
CTRIAR  10300002     111102102011031760110320101     121
CTRIAR    300003     111  210152  210055  305501     101
CTRIAR  10300003     111102101521021005510305501     121
CTRIAR    300004     111  305501  315201  210152     101
CTRIAR  10300004     111103055011031520110210152     121
CTRIAR    300005     111  320101  317601  110201     101
CTRIAR  10300005     111103201011031760110110201     121
CTRIAR    300006     111  110201  317601  110176     101
CTRIAR  10300006     111101102011031760110110176     121
CTRIAR    300007     111  210200  210201  320001     101
CTRIAR  10300007     111102102001021020110320001     121
CTRIAR    300008     111  320001  210201  320101     101
CTRIAR  10300008     111103200011021020110320101     121
CTRIAR    300009     111  320001  110201  110200     101
CTRIAR  10300009     111103200011011020110110200     121
CTRIAR    300010     111  320101  110201  320001     101
CTRIAR  10300010     111103201011011020110320001     121
CTRIAR    300011     111  210224  322301  210223     101
CTRIAR  10300011     111102102241032230110210223     121
CTRIAR    300012     111  322401  322301  210224     101
CTRIAR  10300012     111103224011032230110210224     121
CTRIAR    300013     111  110224  322301  322401     101
CTRIAR  10300013     111101102241032230110322401     121
CTRIAR    300014     111  110223  322301  110224     101
CTRIAR  10300014     111101102231032230110110224     121
CTRIAR    300015     111  210223  322301  210222     101
CTRIAR  10300015     111102102231032230110210222     121
CTRIAR    300016     111  210222  322301  322201     101
CTRIAR  10300016     111102102221032230110322201     121
CTRIAR    300017     111  210246  324501  210245     101
CTRIAR  10300017     111102102461032450110210245     121
CTRIAR    300018     111  324601  324501  210246     101
CTRIAR  10300018     111103246011032450110210246     121
CTRIAR    300019     111  110222  322301  110223     101
CTRIAR  10300019     111101102221032230110110223     121
CTRIAR    300020     111  322201  322301  110222     101
CTRIAR  10300020     111103222011032230110110222     121
CTRIAR    300021     111  110246  324501  324601     101
CTRIAR  10300021     111101102461032450110324601     121
CTRIAR    300022     111  110245  324501  110246     101
CTRIAR  10300022     111101102451032450110110246     121
CTRIAR    300023     111  210247  210222  324701     101
CTRIAR  10300023     111102102471021022210324701     121
CTRIAR    300024     111  324701  210222  322201     101
CTRIAR  10300024     111103247011021022210322201     121
CTRIAR    300025     111  324701  110222  110247     101
CTRIAR  10300025     111103247011011022210110247     121
CTRIAR    300026     111  322201  110222  324701     101
CTRIAR  10300026     111103222011011022210324701     121
CTRIAR    300027     111  324701  210246  210247     101
CTRIAR  10300027     111103247011021024610210247     121
CTRIAR    300028     111  324601  210246  324701     101
CTRIAR  10300028     111103246011021024610324701     121
CTRIAR    300029     111  110247  110246  324701     101
CTRIAR  10300029     111101102471011024610324701     121
CTRIAR    300030     111  324701  110246  324601     101
CTRIAR  10300030     111103247011011024610324601     121
CTRIAR    300031     111  110152  315201  305501     101
CTRIAR  10300031     111101101521031520110305501     121
CTRIAR    300032     111  305501  110055  110152     101
CTRIAR  10300032     111103055011011005510110152     121
CTRIAR    300033     111  315101  210136  210151     101
CTRIAR  10300033     111103151011021013610210151     121
CTRIAR    300034     111  313601  210136  315101     101
CTRIAR  10300034     111103136011021013610315101     121
CTRIAR    300035     111  110151  110136  315101     101
CTRIAR  10300035     111101101511011013610315101     121
CTRIAR    300036     111  315101  110136  313601     101
CTRIAR  10300036     111103151011011013610313601     121
CTRIAR    300037     111  210151  210152  315101     101
CTRIAR  10300037     111102101511021015210315101     121
CTRIAR    300038     111  315101  210152  315201     101
CTRIAR  10300038     111103151011021015210315201     121
CTRIAR    300039     111  315101  110152  110151     101
CTRIAR  10300039     111103151011011015210110151     121
CTRIAR    300040     111  315201  110152  315101     101
CTRIAR  10300040     111103152011011015210315101     121
CTRIAR    300041     111  110176  317601  110177     101
CTRIAR  10300041     111101101761031760110110177     121
CTRIAR    300042     111  110177  317601  317701     101
CTRIAR  10300042     111101101771031760110317701     121
CTRIAR    300043     111  210155  210136  315501     101
CTRIAR  10300043     111102101551021013610315501     121
CTRIAR    300044     111  315501  210136  313601     101
CTRIAR  10300044     111103155011021013610313601     121
CTRIAR    300045     111  315501  110136  110155     101
CTRIAR  10300045     111103155011011013610110155     121
CTRIAR    300046     111  313601  110136  315501     101
CTRIAR  10300046     111103136011011013610315501     121
CTRIAR    300047     111  210155  315501  210154     101
CTRIAR  10300047     111102101551031550110210154     121
CTRIAR    300048     111  210154  315501  315401     101
CTRIAR  10300048     111102101541031550110315401     121
CTRIAR    300049     111  315301  210153  210154     101
CTRIAR  10300049     111103153011021015310210154     121
CTRIAR    300050     111  210154  315401  315301     101
CTRIAR  10300050     111102101541031540110315301     121
CTRIAR    300051     111  110154  315501  110155     101
CTRIAR  10300051     111101101541031550110110155     121
CTRIAR    300052     111  315401  315501  110154     101
CTRIAR  10300052     111103154011031550110110154     121
CTRIAR    300053     111  315301  315401  110154     101
CTRIAR  10300053     111103153011031540110110154     121
CTRIAR    300054     111  110154  110153  315301     101
CTRIAR  10300054     111101101541011015310315301     121
CTRIAR    300055     111  110408  340801  110383     101
CTRIAR  10300055     111101104081034080110110383     121
CTRIAR    300056     111  110383  340801  338301     101
CTRIAR  10300056     111101103831034080110338301     121
CTRIAR    300057     111  338401  110385  110384     101
CTRIAR  10300057     111103384011011038510110384     121
CTRIAR    300058     111  338501  110385  338401     101
CTRIAR  10300058     111103385011011038510338401     121
CTRIAR    300059     111  210384  210385  338401     101
CTRIAR  10300059     111102103841021038510338401     121
CTRIAR    300060     111  338401  210385  338501     101
CTRIAR  10300060     111103384011021038510338501     121
CTRIAR    300061     111  110384  110383  338401     101
CTRIAR  10300061     111101103841011038310338401     121
CTRIAR    300062     111  338401  110383  338301     101
CTRIAR  10300062     111103384011011038310338301     121
CTRIAR    300063     111  338401  210383  210384     101
CTRIAR  10300063     111103384011021038310210384     121
CTRIAR    300064     111  338301  210383  338401     101
CTRIAR  10300064     111103383011021038310338401     121
CTRIAR    300065     111  210339  333901  210338     101
CTRIAR  10300065     111102103391033390110210338     121
CTRIAR    300066     111  210338  333901  333801     101
CTRIAR  10300066     111102103381033390110333801     121
CTRIAR    300067     111  110360  110385  336001     101
CTRIAR  10300067     111101103601011038510336001     121
CTRIAR    300068     111  336001  110385  338501     101
CTRIAR  10300068     111103360011011038510338501     121
CTRIAR    300069     111  336001  210385  210360     101
CTRIAR  10300069     111103360011021038510210360     121
CTRIAR    300070     111  338501  210385  336001     101
CTRIAR  10300070     111103385011021038510336001     121
CTRIAR    300071     111  110360  336001  110361     101
CTRIAR  10300071     111101103601033600110110361     121
CTRIAR    300072     111  110361  336001  336101     101
CTRIAR  10300072     111101103611033600110336101     121
CTRIAR    300073     111  336201  110362  110361     101
CTRIAR  10300073     111103362011011036210110361     121
CTRIAR    300074     111  110361  336101  336201     101
CTRIAR  10300074     111101103611033610110336201     121
CTRIAR    300075     111  210361  336001  210360     101
CTRIAR  10300075     111102103611033600110210360     121
CTRIAR    300076     111  336101  336001  210361     101
CTRIAR  10300076     111103361011033600110210361     121
CTRIAR    300077     111  336201  336101  210361     101
CTRIAR  10300077     111103362011033610110210361     121
CTRIAR    300078     111  210361  210362  336201     101
CTRIAR  10300078     111102103611021036210336201     121
CTRIAR    300079     111  331601  110316  110315     101
CTRIAR  10300079     111103316011011031610110315     121
CTRIAR    300080     111  110315  331501  331601     101
CTRIAR  10300080     111101103151033150110331601     121
CTRIAR    300081     111  110291  110316  331601     101
CTRIAR  10300081     111101102911011031610331601     121
CTRIAR    300082     111  331601  329101  110291     101
CTRIAR  10300082     111103316011032910110110291     121
CTRIAR    300083     111  110292  110291  329201     101
CTRIAR  10300083     111101102921011029110329201     121
CTRIAR    300084     111  329201  110291  329101     101
CTRIAR  10300084     111103292011011029110329101     121
CTRIAR    300085     111  317801  210178  210153     101
CTRIAR  10300085     111103178011021017810210153     121
CTRIAR    300086     111  317801  210153  315301     101
CTRIAR  10300086     111103178011021015310315301     121
CTRIAR    300087     111  210177  317601  210176     101
CTRIAR  10300087     111102101771031760110210176     121
CTRIAR    300088     111  317701  317601  210177     101
CTRIAR  10300088     111103177011031760110210177     121
CTRIAR    300089     111  210178  317801  210177     101
CTRIAR  10300089     111102101781031780110210177     121
CTRIAR    300090     111  210177  317801  317701     101
CTRIAR  10300090     111102101771031780110317701     121
CTRIAR    300091     111  340701  110407  110406     101
CTRIAR  10300091     111103407011011040710110406     121
CTRIAR    300092     111  110406  340601  340701     101
CTRIAR  10300092     111101104061034060110340701     121
CTRIAR    300093     111  110408  110407  340701     101
CTRIAR  10300093     111101104081011040710340701     121
CTRIAR    300094     111  340701  340801  110408     101
CTRIAR  10300094     111103407011034080110110408     121
CTRIAR    300095     111  210269  326901  326801     101
CTRIAR  10300095     111102102691032690110326801     121
CTRIAR    300096     111  326801  210268  210269     101
CTRIAR  10300096     111103268011021026810210269     121
CTRIAR    300097     111  210293  329201  210292     101
CTRIAR  10300097     111102102931032920110210292     121
CTRIAR    300098     111  329301  329201  210293     101
CTRIAR  10300098     111103293011032920110210293     121
CTRIAR    300099     111  210293  210268  326801     101
CTRIAR  10300099     111102102931021026810326801     121
CTRIAR    300100     111  326801  329301  210293     101
CTRIAR  10300100     111103268011032930110210293     121
CTRIAR    300101     111  326801  326901  110269     101
CTRIAR  10300101     111103268011032690110110269     121
CTRIAR    300102     111  110269  110268  326801     101
CTRIAR  10300102     111101102691011026810326801     121
CTRIAR    300103     111  110292  329201  110293     101
CTRIAR  10300103     111101102921032920110110293     121
CTRIAR    300104     111  110293  329201  329301     101
CTRIAR  10300104     111101102931032920110329301     121
CTRIAR    300105     111  110293  329301  326801     101
CTRIAR  10300105     111101102931032930110326801     121
CTRIAR    300106     111  326801  110268  110293     101
CTRIAR  10300106     111103268011011026810110293     121
CTRIAR    300107     111  210200  320001  210199     101
CTRIAR  10300107     111102102001032000110210199     121
CTRIAR    300108     111  210199  320001  319901     101
CTRIAR  10300108     111102101991032000110319901     121
CTRIAR    300109     111  322401  210224  210199     101
CTRIAR  10300109     111103224011021022410210199     121
CTRIAR    300110     111  319901  322401  210199     101
CTRIAR  10300110     111103199011032240110210199     121
CTRIAR    300111     111  110199  320001  110200     101
CTRIAR  10300111     111101101991032000110110200     121
CTRIAR    300112     111  319901  320001  110199     101
CTRIAR  10300112     111103199011032000110110199     121
CTRIAR    300113     111  110199  110224  322401     101
CTRIAR  10300113     111101101991011022410322401     121
CTRIAR    300114     111  110199  322401  319901     101
CTRIAR  10300114     111101101991032240110319901     121
CTRIAR    300115     111  333701  110337  110362     101
CTRIAR  10300115     111103337011011033710110362     121
CTRIAR    300116     111  333701  110362  336201     101
CTRIAR  10300116     111103337011011036210336201     121
CTRIAR    300117     111  333801  333901  110338     101
CTRIAR  10300117     111103338011033390110110338     121
CTRIAR    300118     111  110338  333901  110339     101
CTRIAR  10300118     111101103381033390110110339     121
CTRIAR    300119     111  110337  333701  110338     101
CTRIAR  10300119     111101103371033370110110338     121
CTRIAR    300120     111  110338  333701  333801     101
CTRIAR  10300120     111101103381033370110333801     121
CTRIAR    300121     111  340801  340701  210408     101
CTRIAR  10300121     111103408011034070110210408     121
CTRIAR    300122     111  210408  340701  210407     101
CTRIAR  10300122     111102104081034070110210407     121
CTRIAR    300123     111  338301  340801  210408     101
CTRIAR  10300123     111103383011034080110210408     121
CTRIAR    300124     111  210408  210383  338301     101
CTRIAR  10300124     111102104081021038310338301     121
CTRIAR    300125     111  210291  329201  329101     101
CTRIAR  10300125     111102102911032920110329101     121
CTRIAR    300126     111  210292  329201  210291     101
CTRIAR  10300126     111102102921032920110210291     121
CTRIAR    300127     111  210291  329101  331601     101
CTRIAR  10300127     111102102911032910110331601     121
CTRIAR    300128     111  331601  210316  210291     101
CTRIAR  10300128     111103316011021031610210291     121
CTRIAR    300129     111  210314  333901  210339     101
CTRIAR  10300129     111102103141033390110210339     121
CTRIAR    300130     111  331401  333901  210314     101
CTRIAR  10300130     111103314011033390110210314     121
CTRIAR    300131     111  110339  333901  110314     101
CTRIAR  10300131     111101103391033390110110314     121
CTRIAR    300132     111  110314  333901  331401     101
CTRIAR  10300132     111101103141033390110331401     121
CTRIAR    300133     111  331501  110315  110314     101
CTRIAR  10300133     111103315011011031510110314     121
CTRIAR    300134     111  331401  331501  110314     101
CTRIAR  10300134     111103314011033150110110314     121
CTRIAR    300135     111  315301  110153  110178     101
CTRIAR  10300135     111103153011011015310110178     121
CTRIAR    300136     111  110178  317801  315301     101
CTRIAR  10300136     111101101781031780110315301     121
CTRIAR    300137     111  110178  110177  317701     101
CTRIAR  10300137     111101101781011017710317701     121
CTRIAR    300138     111  317701  317801  110178     101
CTRIAR  10300138     111103177011031780110110178     121
CTRIAR    300139     111  343101  110406  110431     101
CTRIAR  10300139     111103431011011040610110431     121
CTRIAR    300140     111  343101  340601  110406     101
CTRIAR  10300140     111103431011034060110110406     121
CTRIAR    300141     111  110430  343101  110431     101
CTRIAR  10300141     111101104301034310110110431     121
CTRIAR    300142     111  343001  343101  110430     101
CTRIAR  10300142     111103430011034310110110430     121
CTRIAR    300143     111  110430  110429  342901     101
CTRIAR  10300143     111101104301011042910342901     121
CTRIAR    300144     111  342901  343001  110430     101
CTRIAR  10300144     111103429011034300110110430     121
CTRIAR    300145     111  345401  110429  110454     101
CTRIAR  10300145     111103454011011042910110454     121
CTRIAR    300146     111  342901  110429  345401     101
CTRIAR  10300146     111103429011011042910345401     121
CTRIAR    300147     111  110454  110453  345401     101
CTRIAR  10300147     111101104541011045310345401     121
CTRIAR    300148     111  345401  110453  345301     101
CTRIAR  10300148     111103454011011045310345301     121
CTRIAR    300149     111  110496  110120  312001     101
CTRIAR  10300149     111101104961011012010312001     121
CTRIAR    300150     111  312001  349601  110496     101
CTRIAR  10300150     111103120011034960110110496     121
CTRIAR    300151     111  347501  110475  110496     101
CTRIAR  10300151     111103475011011047510110496     121
CTRIAR    300152     111  110496  349601  347501     101
CTRIAR  10300152     111101104961034960110347501     121
CTRIAR    300153     111  210245  324501  210270     101
CTRIAR  10300153     111102102451032450110210270     121
CTRIAR    300154     111  210270  324501  327001     101
CTRIAR  10300154     111102102701032450110327001     121
CTRIAR    300155     111  326901  210269  210270     101
CTRIAR  10300155     111103269011021026910210270     121
CTRIAR    300156     111  327001  326901  210270     101
CTRIAR  10300156     111103270011032690110210270     121
CTRIAR    300157     111  110270  324501  110245     101
CTRIAR  10300157     111101102701032450110110245     121
CTRIAR    300158     111  327001  324501  110270     101
CTRIAR  10300158     111103270011032450110110270     121
CTRIAR    300159     111  110270  110269  326901     101
CTRIAR  10300159     111101102701011026910326901     121
CTRIAR    300160     111  110270  326901  327001     101
CTRIAR  10300160     111101102701032690110327001     121
CTRIAR    300161     111  336201  210362  210337     101
CTRIAR  10300161     111103362011021036210210337     121
CTRIAR    300162     111  210337  333701  336201     101
CTRIAR  10300162     111102103371033370110336201     121
CTRIAR    300163     111  210337  210338  333801     101
CTRIAR  10300163     111102103371021033810333801     121
CTRIAR    300164     111  333801  333701  210337     101
CTRIAR  10300164     111103338011033370110210337     121
CTRIAR    300165     111  210315  210316  331601     101
CTRIAR  10300165     111102103151021031610331601     121
CTRIAR    300166     111  331601  331501  210315     101
CTRIAR  10300166     111103316011033150110210315     121
CTRIAR    300167     111  331401  210314  210315     101
CTRIAR  10300167     111103314011021031410210315     121
CTRIAR    300168     111  210315  331501  331401     101
CTRIAR  10300168     111102103151033150110331401     121
CTRIAR    300169     111  110452  110477  347701     101
CTRIAR  10300169     111101104521011047710347701     121
CTRIAR    300170     111  347701  345201  110452     101
CTRIAR  10300170     111103477011034520110110452     121
CTRIAR    300171     111  345301  110453  110452     101
CTRIAR  10300171     111103453011011045310110452     121
CTRIAR    300172     111  110452  345201  345301     101
CTRIAR  10300172     111101104521034520110345301     121
CTRIAR    300173     111  210431  343101  343001     101
CTRIAR  10300173     111102104311034310110343001     121
CTRIAR    300174     111  343001  210430  210431     101
CTRIAR  10300174     111103430011021043010210431     121
CTRIAR    300175     111  210454  345401  345301     101
CTRIAR  10300175     111102104541034540110345301     121
CTRIAR    300176     111  345301  210453  210454     101
CTRIAR  10300176     111103453011021045310210454     121
CTRIAR    300177     111  210496  349601  312001     101
CTRIAR  10300177     111102104961034960110312001     121
CTRIAR    300178     111  312001  210120  210496     101
CTRIAR  10300178     111103120011021012010210496     121
CTRIAR    300179     111  347501  349601  210496     101
CTRIAR  10300179     111103475011034960110210496     121
CTRIAR    300180     111  210496  210475  347501     101
CTRIAR  10300180     111102104961021047510347501     121
CTRIAR    300181     111  345301  345201  210452     101
CTRIAR  10300181     111103453011034520110210452     121
CTRIAR    300182     111  210452  210453  345301     101
CTRIAR  10300182     111102104521021045310345301     121
CTRIAR    300183     111  210452  345201  347701     101
CTRIAR  10300183     111102104521034520110347701     121
CTRIAR    300184     111  347701  210477  210452     101
CTRIAR  10300184     111103477011021047710210452     121
CTRIAR    300185     111  210476  210477  347601     101
CTRIAR  10300185     111102104761021047710347601     121
CTRIAR    300186     111  347601  210477  347701     101
CTRIAR  10300186     111103476011021047710347701     121
CTRIAR    300187     111  347701  110477  347601     101
CTRIAR  10300187     111103477011011047710347601     121
CTRIAR    300188     111  110477  110476  347601     101
CTRIAR  10300188     111101104771011047610347601     121
CTRIAR    300189     111  347601  210475  210476     101
CTRIAR  10300189     111103476011021047510210476     121
CTRIAR    300190     111  347501  210475  347601     101
CTRIAR  10300190     111103475011021047510347601     121
CTRIAR    300191     111  347601  110475  347501     101
CTRIAR  10300191     111103476011011047510347501     121
CTRIAR    300192     111  347601  110476  110475     101
CTRIAR  10300192     111103476011011047610110475     121
CTRIAR    300193     111  210406  340701  340601     101
CTRIAR  10300193     111102104061034070110340601     121
CTRIAR    300194     111  210407  340701  210406     101
CTRIAR  10300194     111102104071034070110210406     121
CTRIAR    300195     111  340601  343101  210406     101
CTRIAR  10300195     111103406011034310110210406     121
CTRIAR    300196     111  343101  210431  210406     101
CTRIAR  10300196     111103431011021043110210406     121
CTRIAR    300197     111  210429  343001  342901     101
CTRIAR  10300197     111102104291034300110342901     121
CTRIAR    300198     111  210429  210430  343001     101
CTRIAR  10300198     111102104291021043010343001     121
CTRIAR    300199     111  342901  345401  210429     101
CTRIAR  10300199     111103429011034540110210429     121
CTRIAR    300200     111  345401  210454  210429     101
CTRIAR  10300200     111103454011021045410210429     121
