1999
2001
2002
2003
2004
3101
3102
3103
3104
3105
3106
10001
10002
10003
10015
10016
10017
10018
10019
10020
10021
10022
10023
10024
10025
10026
10027
10028
10029
10030
10031
10032
10033
10034
10035
10036
10037
10038
10039
10040
10041
10042
10043
10044
10045
10046
10047
10048
10049
10050
10051
10052
10062
10063
10111
10112
13001
13002
13003
13004
13005
13006
18888
20002
20003
20012
20013
20014
20034
20035
20036
20037
20038
20039
20040
20041
20042
20043
20044
28888
30001
30002
30003
30004
30005
30006
30007
30008
30009
30010
30011
30012
30013
30014
30015
30049
30050
30051
30052
30053
30054
30055
30056
110053
110054
110055
110056
110057
110058
110059
110060
110061
110113
110114
110115
110116
110117
110118
110119
110120
110121
110122
110123
110124
110125
110126
110127
110128
110129
110130
110131
110132
110133
110134
110135
110136
110137
110141
110142
110143
110144
110145
110146
110147
110148
110149
110150
110151
110152
110153
110154
110155
110156
110157
110158
110159
110160
110161
110162
110163
110167
110168
110169
110170
110171
110172
110173
110174
110175
110176
110177
110178
110179
110180
110181
110182
110183
110184
110185
110186
110190
110191
110192
110193
110194
110195
110196
110197
110198
110199
110200
110201
110202
110203
110204
110205
110206
110207
110208
110209
110213
110214
110215
110216
110217
110218
110219
110220
110221
110222
110223
110224
110225
110226
110227
110228
110229
110230
110231
110232
110236
110237
110238
110239
110240
110241
110242
110243
110244
110245
110246
110247
110248
110249
110250
110251
110252
110253
110254
110255
110259
110260
110261
110262
110263
110264
110265
110266
110267
110268
110269
110270
110271
110272
110273
110274
110275
110276
110277
110278
110282
110283
110284
110285
110286
110287
110288
110289
110290
110291
110292
110293
110294
110295
110296
110297
110298
110299
110300
110301
110305
110306
110307
110308
110309
110310
110311
110312
110313
110314
110315
110316
110317
110318
110319
110320
110321
110322
110323
110324
110328
110329
110330
110331
110332
110333
110334
110335
110336
110337
110338
110339
110340
110341
110342
110343
110344
110345
110346
110347
110351
110352
110353
110354
110355
110356
110357
110358
110359
110360
110361
110362
110363
110364
110365
110366
110367
110368
110369
110370
110374
110375
110376
110377
110378
110379
110380
110381
110382
110383
110384
110385
110386
110387
110388
110389
110390
110391
110392
110393
110397
110398
110399
110400
110401
110402
110403
110404
110405
110406
110407
110408
110409
110410
110411
110415
110416
110420
110421
110422
110423
110424
110425
110426
110427
110428
110429
110430
110431
110432
110433
110434
110438
110439
110443
110444
110445
110446
110447
110448
110449
110450
110451
110452
110453
110454
110455
110456
110457
110461
110462
110466
110467
110468
110469
110470
110471
110472
110473
110474
110475
110476
110477
110478
110479
110480
110481
110484
110485
110486
110489
110490
110491
110492
110493
110494
110495
110496
110497
110498
110500
110501
110502
110503
110505
110506
110507
110508
110509
110511
110512
110513
110516
110517
110518
110519
110520
110521
110522
110525
110526
110529
110530
110531
110534
110535
110536
110538
110539
110540
110542
110543
110544
110546
110547
110549
110550
110552
110553
110554
110556
110557
110558
110560
110570
210053
210054
210055
210056
210057
210058
210059
210060
210061
210113
210114
210115
210116
210117
210118
210119
210120
210121
210122
210123
210124
210125
210126
210127
210128
210129
210130
210131
210132
210133
210134
210135
210136
210137
210141
210142
210143
210144
210145
210146
210147
210148
210149
210150
210151
210152
210153
210154
210155
210156
210157
210158
210159
210160
210161
210162
210163
210167
210168
210169
210170
210171
210172
210173
210174
210175
210176
210177
210178
210179
210180
210181
210182
210183
210184
210185
210186
210190
210191
210192
210193
210194
210195
210196
210197
210198
210199
210200
210201
210202
210203
210204
210205
210206
210207
210208
210209
210213
210214
210215
210216
210217
210218
210219
210220
210221
210222
210223
210224
210225
210226
210227
210228
210229
210230
210231
210232
210236
210237
210238
210239
210240
210241
210242
210243
210244
210245
210246
210247
210248
210249
210250
210251
210252
210253
210254
210255
210259
210260
210261
210262
210263
210264
210265
210266
210267
210268
210269
210270
210271
210272
210273
210274
210275
210276
210277
210278
210282
210283
210284
210285
210286
210287
210288
210289
210290
210291
210292
210293
210294
210295
210296
210297
210298
210299
210300
210301
210305
210306
210307
210308
210309
210310
210311
210312
210313
210314
210315
210316
210317
210318
210319
210320
210321
210322
210323
210324
210328
210329
210330
210331
210332
210333
210334
210335
210336
210337
210338
210339
210340
210341
210342
210343
210344
210345
210346
210347
210351
210352
210353
210354
210355
210356
210357
210358
210359
210360
210361
210362
210363
210364
210365
210366
210367
210368
210369
210370
210374
210375
210376
210377
210378
210379
210380
210381
210382
210383
210384
210385
210386
210387
210388
210389
210390
210391
210392
210393
210397
210398
210399
210400
210401
210402
210403
210404
210405
210406
210407
210408
210409
210410
210411
210415
210416
210420
210421
210422
210423
210424
210425
210426
210427
210428
210429
210430
210431
210432
210433
210434
210438
210439
210443
210444
210445
210446
210447
210448
210449
210450
210451
210452
210453
210454
210455
210456
210457
210461
210462
210466
210467
210468
210469
210470
210471
210472
210473
210474
210475
210476
210477
210478
210479
210480
210481
210484
210485
210486
210489
210490
210491
210492
210493
210494
210495
210496
210497
210498
210500
210501
210502
210503
210505
210506
210507
210508
210509
210511
210512
210513
210516
210517
210518
210519
210520
210521
210522
210525
210526
210529
210530
210531
210534
210535
210536
210538
210539
210540
210542
210543
210544
210546
210547
210549
210550
210552
210553
210554
210556
210557
210558
210560
210561
210570
210571
305501
305601
305701
305801
305901
311301
311401
311501
311601
311701
311801
311901
312001
312101
312201
312301
312401
312501
312801
313101
313201
313301
313401
313501
313601
313701
314101
314401
314501
314601
315101
315201
315301
315401
315501
315601
315901
316201
316301
316701
317001
317101
317201
317301
317601
317701
317801
317901
318201
318501
318601
319001
319301
319401
319501
319601
319901
320001
320101
320201
320501
320801
320901
321301
321601
321701
321801
321901
322201
322301
322401
322501
322801
323101
323201
323601
323901
324001
324101
324501
324601
324701
324801
325101
325401
325501
325901
326201
326301
326401
326501
326801
326901
327001
327101
327401
327701
327801
328201
328501
328601
328701
328801
329101
329201
329301
329401
329701
330001
330101
330501
330801
330901
331001
331101
331401
331501
331601
331701
332001
332301
332401
332801
333101
333201
333301
333701
333801
333901
334001
334301
334601
334701
335101
335401
335501
335601
335701
336001
336101
336201
336301
336601
336901
337001
337401
337701
337801
337901
338001
338301
338401
338501
338601
338901
339201
339301
339701
340001
340101
340201
340601
340701
340801
340901
341501
341601
342001
342301
342401
342501
342901
343001
343101
343201
343801
343901
344301
344601
344701
344801
344901
345201
345301
345401
345501
346101
346201
346601
346901
347001
347101
347201
347501
347601
347701
347801
348101
348401
348501
349201
349301
349401
349601
420015
420016
420018
420019
420020
420021
420022
420024
420025
420026
420027
420028
420030
420031
420032
420054
420055
420056
420057
420058
420059
420060
420061
420062
420063
420064
420065
420066
420067
420068
420069
420070
420071
420072
420073
420074
420075
420076
420077
420078
420079
420080
420081
420082
420083
420084
420085
420086
420087
420088
420089
420090
420091
420092
420093
420094
420095
420096
420097
420098
420099
420100
420101
420102
420106
420110
420111
420114
420115
420116
420117
420118
420119
420120
420121
420122
420123
420124
420125
420126
420127
420128
420129
420130
420131
420132
420133
420134
420135
420136
420137
420138
420139
420140
420141
420142
420143
420144
420145
420146
420147
420148
420149
420150
420151
420152
420153
420154
420155
420156
420157
420158
420159
420160
420161
420162
420163
420164
420165
420166
420167
420168
420169
420170
420171
420172
420173
420174
420175
420176
420177
420178
420179
420180
420181
420182
420183
420184
420185
420186
420187
420188
420189
420190
420191
420192
420193
420194
420195
420196
420197
420198
420199
420200
420201
420202
420203
420204
420205
420206
420207
420208
420209
420210
420211
420212
420213
420214
420215
420216
520015
520016
520018
520019
520020
520021
520022
520024
520025
520026
520027
520028
520030
520031
520032
520054
520055
520056
520057
520058
520059
520060
520061
520062
520063
520064
520065
520066
520067
520068
520069
520070
520071
520072
520073
520074
520075
520076
520077
520078
520079
520080
520081
520082
520083
520084
520085
520086
520087
520088
520089
520090
520091
520092
520093
520094
520095
520096
520097
520098
520099
520100
520101
520102
520106
520110
520111
520114
520115
520116
520117
520118
520119
520120
520121
520122
520123
520124
520125
520126
520127
520128
520129
520130
520131
520132
520133
520134
520135
520136
520137
520138
520139
520140
520141
520142
520143
520144
520145
520146
520147
520148
520149
520150
520151
520152
520153
520154
520155
520156
520157
520158
520159
520160
520161
520162
520163
520164
520165
520166
520167
520168
520169
520170
520171
520172
520173
520174
520175
520176
520177
520178
520179
520180
520181
520182
520183
520184
520185
520186
520187
520188
520189
520190
520191
520192
520193
520194
520195
520196
520197
520198
520199
520200
520201
520202
520203
520204
520205
520206
520207
520208
520209
520210
520211
520212
520213
520214
520215
520216
605401
605501
605601
605701
605801
605901
606101
606201
606301
606401
606501
606601
606701
606801
607001
607401
607501
607601
607701
607801
608201
608501
608601
608901
609201
609301
609601
609901
610101
610201
610601
611001
611101
611401
611601
611701
611901
612201
612301
612401
612901
613001
613101
613201
613301
613401
613501
613601
613701
614001
614101
614201
614301
614401
614501
615301
615401
615501
615601
615701
615801
615901
616001
616301
616401
616501
616601
616701
616801
617401
617501
617601
617701
617801
617901
618101
618201
618301
730016
730018
730019
730020
730021
730022
730023
730024
730025
730026
730027
730028
730029
730030
730031
730032
730033
730034
730035
730036
730037
730039
730040
730041
730042
730043
730044
730045
730046
730047
730048
730057
730058
730060
730061
730062
730063
730064
730066
730067
730068
730069
730070
730072
730073
730074
730075
730076
730077
730078
730079
730080
730081
730082
730083
730084
730085
730086
730087
730088
730089
730090
730091
730092
730093
730094
730095
730096
730097
730098
730099
730100
730101
730102
730103
730104
730105
730106
730107
730108
730109
730110
730111
730112
730113
730114
730115
730116
730117
730118
730119
730120
730121
730122
730123
730124
730125
730126
730127
730128
730129
730130
730131
730132
730133
730134
730135
730136
730137
730138
730139
730140
730141
730142
730143
730144
730145
730146
730147
730148
730149
730150
730151
730152
730153
730154
730155
730156
730157
730158
730159
730160
730161
730162
730163
730164
730165
730166
730167
730168
730169
730170
730171
730172
730173
730174
730175
730176
730177
730178
730179
730180
730181
730182
730183
730184
730185
730186
730187
730188
730189
730190
730191
730192
730193
730194
730195
730196
730197
730198
730199
730200
730201
730202
730203
730204
730205
730206
730207
730208
730209
730210
730211
730212
730213
730214
730215
730216
730217
730218
730219
730220
730221
730222
730223
730224
730225
730226
730227
730228
730229
730230
730231
730232
730233
730234
730235
730236
730237
730238
730239
730240
730241
730242
730243
730244
730245
730246
730247
730248
730249
730250
730251
730252
730253
730254
730255
730256
730257
730258
730259
730260
830016
830017
830018
830019
830020
830021
830022
830023
830024
830025
830026
830027
830028
830029
830030
830031
830032
830033
830034
830035
830036
830044
830045
830046
830047
830048
830057
830058
830060
830061
830062
830063
830064
830066
830067
830068
830069
830070
830072
830073
830074
830075
830076
830077
830078
830079
830080
830081
830082
830083
830084
830085
830086
830087
830088
830089
830090
830091
830092
830093
830094
830095
830096
830097
830098
830099
830100
830101
830102
830103
830104
830105
830106
830107
830108
830109
830110
830111
830112
830113
830114
830115
830116
830117
830118
830119
830120
830121
830122
830123
830124
830125
830126
830127
830128
830129
830130
830131
830132
830133
830134
830135
830136
830137
830138
830139
830140
830141
830142
830143
830144
830145
830146
830147
830148
830149
830150
830151
830152
830153
830154
830155
830156
830157
830158
830159
830160
830161
830162
830163
830164
830165
830166
830167
830168
830169
830170
830171
830172
830173
830174
830175
830176
830177
830178
830179
830180
830181
830182
830183
830184
830185
830186
830187
830188
830189
830190
830196
830197
830198
830199
830200
830201
830202
830203
830204
830205
830206
830207
830208
830209
830210
830211
830212
830213
830214
830215
830216
830217
830218
830219
830220
830221
830222
830223
830224
830225
830226
830227
830228
830229
830230
830231
830232
830233
830234
830235
830236
830237
830238
830239
830240
830241
830242
830243
830244
830245
830246
830247
830248
830249
830250
830251
830252
830253
830254
830255
830256
830257
830258
830259
830260
901601
901701
901801
901901
902001
902101
902102
902103
902201
902202
902203
902301
902302
902303
902401
902402
902403
902501
902502
902503
902601
902602
902603
902701
902702
902703
902801
902802
902901
902902
902903
903001
903002
903003
903101
903102
903201
903202
903203
903301
903302
903303
903401
903402
903501
903502
903503
903602
903603
904501
904601
904701
904801
907501
907601
907701
907801
907901
908001
908101
908201
908301
908401
908501
908601
908901
909001
909002
909003
909101
909102
909103
909201
909301
909401
909501
909601
909701
909801
909901
909902
909903
911301
911401
911501
911601
911602
911603
911701
911702
911703
911801
911802
911803
911901
911902
911903
912001
912002
912003
912101
912201
912301
912401
912501
912601
912701
912801
912802
912803
912902
913001
913002
913003
913101
913102
913103
913201
913202
913203
913302
913401
913402
913403
913501
913801
914101
914201
914301
914401
914501
914601
914701
914801
914901
915001
915101
915201
915301
915401
915501
915601
915701
915801
915901
10010001
10010002
10010003
10010015
10010016
10010017
10010018
10010019
10010020
10010021
10010022
10010023
10010024
10010025
10010026
10010027
10010028
10010029
10010030
10010031
10010032
10010033
10010034
10010035
10010036
10010037
10010038
10010039
10010040
10010041
10010042
10010043
10010044
10010045
10010046
10010047
10010048
10010049
10010050
10010051
10010052
10010062
10010063
10010111
10010112
10020002
10020003
10020012
10020013
10020014
10020034
10020035
10020036
10020037
10020038
10020039
10020040
10020041
10020042
10020043
10020044
10030001
10030003
10030004
10030005
10030006
10030007
10030008
10030009
10030010
10030011
10030012
10030013
10030014
10030049
10030050
10030051
10030052
10030053
10030054
10030055
10030056
10110053
10110054
10110055
10110056
10110057
10110058
10110059
10110060
10110061
10110113
10110114
10110115
10110116
10110117
10110118
10110119
10110120
10110121
10110122
10110123
10110124
10110125
10110126
10110127
10110128
10110129
10110130
10110131
10110132
10110133
10110134
10110135
10110136
10110137
10110141
10110142
10110143
10110144
10110145
10110146
10110147
10110148
10110149
10110150
10110151
10110152
10110153
10110154
10110155
10110156
10110157
10110158
10110159
10110160
10110161
10110162
10110163
10110167
10110168
10110169
10110170
10110171
10110172
10110173
10110174
10110175
10110176
10110177
10110178
10110179
10110180
10110181
10110182
10110183
10110184
10110185
10110186
10110190
10110191
10110192
10110193
10110194
10110195
10110196
10110197
10110198
10110199
10110200
10110201
10110202
10110203
10110204
10110205
10110206
10110207
10110208
10110209
10110213
10110214
10110215
10110216
10110217
10110218
10110219
10110220
10110221
10110222
10110223
10110224
10110225
10110226
10110227
10110228
10110229
10110230
10110231
10110232
10110236
10110237
10110238
10110239
10110240
10110241
10110242
10110243
10110244
10110245
10110246
10110247
10110248
10110249
10110250
10110251
10110252
10110253
10110254
10110255
10110259
10110260
10110261
10110262
10110263
10110264
10110265
10110266
10110267
10110268
10110269
10110270
10110271
10110272
10110273
10110274
10110275
10110276
10110277
10110278
10110282
10110283
10110284
10110285
10110286
10110287
10110288
10110289
10110290
10110291
10110292
10110293
10110294
10110295
10110296
10110297
10110298
10110299
10110300
10110301
10110305
10110306
10110307
10110308
10110309
10110310
10110311
10110312
10110313
10110314
10110315
10110316
10110317
10110318
10110319
10110320
10110321
10110322
10110323
10110324
10110328
10110329
10110330
10110331
10110332
10110333
10110334
10110335
10110336
10110337
10110338
10110339
10110340
10110341
10110342
10110343
10110344
10110345
10110346
10110347
10110351
10110352
10110353
10110354
10110355
10110356
10110357
10110358
10110359
10110360
10110361
10110362
10110363
10110364
10110365
10110366
10110367
10110368
10110369
10110370
10110374
10110375
10110376
10110377
10110378
10110379
10110380
10110381
10110382
10110383
10110384
10110385
10110386
10110387
10110388
10110389
10110390
10110391
10110392
10110393
10110397
10110398
10110399
10110400
10110401
10110402
10110403
10110404
10110405
10110406
10110407
10110408
10110409
10110410
10110411
10110415
10110416
10110420
10110421
10110422
10110423
10110424
10110425
10110426
10110427
10110428
10110429
10110430
10110431
10110432
10110433
10110434
10110438
10110439
10110443
10110444
10110445
10110446
10110447
10110448
10110449
10110450
10110451
10110452
10110453
10110454
10110455
10110456
10110457
10110461
10110462
10110466
10110467
10110468
10110469
10110470
10110471
10110472
10110473
10110474
10110475
10110476
10110477
10110478
10110479
10110480
10110481
10110484
10110485
10110486
10110489
10110490
10110491
10110492
10110493
10110494
10110495
10110496
10110497
10110498
10110500
10110501
10110502
10110503
10110505
10110506
10110507
10110508
10110509
10110511
10110512
10110513
10110516
10110517
10110518
10110519
10110520
10110521
10110522
10110525
10110526
10110529
10110530
10110531
10110534
10110535
10110536
10110538
10110539
10110540
10110542
10110543
10110544
10110546
10110547
10110549
10110550
10110552
10110553
10110554
10110556
10110557
10110558
10110560
10110570
10210053
10210054
10210055
10210056
10210057
10210058
10210059
10210060
10210061
10210113
10210114
10210115
10210116
10210117
10210118
10210119
10210120
10210121
10210122
10210123
10210124
10210125
10210126
10210127
10210128
10210129
10210130
10210131
10210132
10210133
10210134
10210135
10210136
10210137
10210141
10210142
10210143
10210144
10210145
10210146
10210147
10210148
10210149
10210150
10210151
10210152
10210153
10210154
10210155
10210156
10210157
10210158
10210159
10210160
10210161
10210162
10210163
10210167
10210168
10210169
10210170
10210171
10210172
10210173
10210174
10210175
10210176
10210177
10210178
10210179
10210180
10210181
10210182
10210183
10210184
10210185
10210186
10210190
10210191
10210192
10210193
10210194
10210195
10210196
10210197
10210198
10210199
10210200
10210201
10210202
10210203
10210204
10210205
10210206
10210207
10210208
10210209
10210213
10210214
10210215
10210216
10210217
10210218
10210219
10210220
10210221
10210222
10210223
10210224
10210225
10210226
10210227
10210228
10210229
10210230
10210231
10210232
10210236
10210237
10210238
10210239
10210240
10210241
10210242
10210243
10210244
10210245
10210246
10210247
10210248
10210249
10210250
10210251
10210252
10210253
10210254
10210255
10210259
10210260
10210261
10210262
10210263
10210264
10210265
10210266
10210267
10210268
10210269
10210270
10210271
10210272
10210273
10210274
10210275
10210276
10210277
10210278
10210282
10210283
10210284
10210285
10210286
10210287
10210288
10210289
10210290
10210291
10210292
10210293
10210294
10210295
10210296
10210297
10210298
10210299
10210300
10210301
10210305
10210306
10210307
10210308
10210309
10210310
10210311
10210312
10210313
10210314
10210315
10210316
10210317
10210318
10210319
10210320
10210321
10210322
10210323
10210324
10210328
10210329
10210330
10210331
10210332
10210333
10210334
10210335
10210336
10210337
10210338
10210339
10210340
10210341
10210342
10210343
10210344
10210345
10210346
10210347
10210351
10210352
10210353
10210354
10210355
10210356
10210357
10210358
10210359
10210360
10210361
10210362
10210363
10210364
10210365
10210366
10210367
10210368
10210369
10210370
10210374
10210375
10210376
10210377
10210378
10210379
10210380
10210381
10210382
10210383
10210384
10210385
10210386
10210387
10210388
10210389
10210390
10210391
10210392
10210393
10210397
10210398
10210399
10210400
10210401
10210402
10210403
10210404
10210405
10210406
10210407
10210408
10210409
10210410
10210411
10210415
10210416
10210420
10210421
10210422
10210423
10210424
10210425
10210426
10210427
10210428
10210429
10210430
10210431
10210432
10210433
10210434
10210438
10210439
10210443
10210444
10210445
10210446
10210447
10210448
10210449
10210450
10210451
10210452
10210453
10210454
10210455
10210456
10210457
10210461
10210462
10210466
10210467
10210468
10210469
10210470
10210471
10210472
10210473
10210474
10210475
10210476
10210477
10210478
10210479
10210480
10210481
10210484
10210485
10210486
10210489
10210490
10210491
10210492
10210493
10210494
10210495
10210496
10210497
10210498
10210500
10210501
10210502
10210503
10210505
10210506
10210507
10210508
10210509
10210511
10210512
10210513
10210516
10210517
10210518
10210519
10210520
10210521
10210522
10210525
10210526
10210529
10210530
10210531
10210534
10210535
10210536
10210538
10210539
10210540
10210542
10210543
10210544
10210546
10210547
10210549
10210550
10210552
10210553
10210554
10210556
10210557
10210558
10210560
10210561
10210570
10210571
10305501
10305601
10305701
10305801
10305901
10311301
10311401
10311501
10311601
10311701
10311801
10311901
10312001
10312101
10312201
10312301
10312401
10312501
10312801
10313101
10313201
10313301
10313401
10313501
10313601
10313701
10314101
10314401
10314501
10314601
10315101
10315201
10315301
10315401
10315501
10315601
10315901
10316201
10316301
10316701
10317001
10317101
10317201
10317301
10317601
10317701
10317801
10317901
10318201
10318501
10318601
10319001
10319301
10319401
10319501
10319601
10319901
10320001
10320101
10320201
10320501
10320801
10320901
10321301
10321601
10321701
10321801
10321901
10322201
10322301
10322401
10322501
10322801
10323101
10323201
10323601
10323901
10324001
10324101
10324501
10324601
10324701
10324801
10325101
10325401
10325501
10325901
10326201
10326301
10326401
10326501
10326801
10326901
10327001
10327101
10327401
10327701
10327801
10328201
10328501
10328601
10328701
10328801
10329101
10329201
10329301
10329401
10329701
10330001
10330101
10330501
10330801
10330901
10331001
10331101
10331401
10331501
10331601
10331701
10332001
10332301
10332401
10332801
10333101
10333201
10333301
10333701
10333801
10333901
10334001
10334301
10334601
10334701
10335101
10335401
10335501
10335601
10335701
10336001
10336101
10336201
10336301
10336601
10336901
10337001
10337401
10337701
10337801
10337901
10338001
10338301
10338401
10338501
10338601
10338901
10339201
10339301
10339701
10340001
10340101
10340201
10340601
10340701
10340801
10340901
10341501
10341601
10342001
10342301
10342401
10342501
10342901
10343001
10343101
10343201
10343801
10343901
10344301
10344601
10344701
10344801
10344901
10345201
10345301
10345401
10345501
10346101
10346201
10346601
10346901
10347001
10347101
10347201
10347501
10347601
10347701
10347801
10348101
10348401
10348501
10349201
10349301
10349401
10349601
10420015
10420016
10420018
10420019
10420020
10420021
10420022
10420024
10420025
10420026
10420027
10420028
10420030
10420031
10420032
10420054
10420055
10420056
10420057
10420058
10420059
10420060
10420061
10420062
10420063
10420064
10420065
10420066
10420067
10420068
10420069
10420070
10420071
10420072
10420073
10420074
10420075
10420076
10420077
10420078
10420079
10420080
10420081
10420082
10420083
10420084
10420085
10420086
10420087
10420088
10420089
10420090
10420091
10420092
10420093
10420094
10420095
10420096
10420097
10420098
10420099
10420100
10420101
10420102
10420106
10420110
10420111
10420114
10420115
10420116
10420117
10420118
10420119
10420120
10420121
10420122
10420123
10420124
10420125
10420126
10420127
10420128
10420129
10420130
10420131
10420132
10420133
10420134
10420135
10420136
10420137
10420138
10420139
10420140
10420141
10420142
10420143
10420144
10420145
10420146
10420147
10420148
10420149
10420150
10420151
10420152
10420153
10420154
10420155
10420156
10420157
10420158
10420159
10420160
10420161
10420162
10420163
10420164
10420165
10420166
10420167
10420168
10420169
10420170
10420171
10420172
10420173
10420174
10420175
10420176
10420177
10420178
10420179
10420180
10420181
10420182
10420183
10420184
10420185
10420186
10420187
10420188
10420189
10420190
10420191
10420192
10420193
10420194
10420195
10420196
10420197
10420198
10420199
10420200
10420201
10420202
10420203
10420204
10420205
10420206
10420207
10420208
10420209
10420210
10420211
10420212
10420213
10420214
10420215
10420216
10520015
10520016
10520018
10520019
10520020
10520021
10520022
10520024
10520025
10520026
10520027
10520028
10520030
10520031
10520032
10520054
10520055
10520056
10520057
10520058
10520059
10520060
10520061
10520062
10520063
10520064
10520065
10520066
10520067
10520068
10520069
10520070
10520071
10520072
10520073
10520074
10520075
10520076
10520077
10520078
10520079
10520080
10520081
10520082
10520083
10520084
10520085
10520086
10520087
10520088
10520089
10520090
10520091
10520092
10520093
10520094
10520095
10520096
10520097
10520098
10520099
10520100
10520101
10520102
10520106
10520110
10520111
10520114
10520115
10520116
10520117
10520118
10520119
10520120
10520121
10520122
10520123
10520124
10520125
10520126
10520127
10520128
10520129
10520130
10520131
10520132
10520133
10520134
10520135
10520136
10520137
10520138
10520139
10520140
10520141
10520142
10520143
10520144
10520145
10520146
10520147
10520148
10520149
10520150
10520151
10520152
10520153
10520154
10520155
10520156
10520157
10520158
10520159
10520160
10520161
10520162
10520163
10520164
10520165
10520166
10520167
10520168
10520169
10520170
10520171
10520172
10520173
10520174
10520175
10520176
10520177
10520178
10520179
10520180
10520181
10520182
10520183
10520184
10520185
10520186
10520187
10520188
10520189
10520190
10520191
10520192
10520193
10520194
10520195
10520196
10520197
10520198
10520199
10520200
10520201
10520202
10520203
10520204
10520205
10520206
10520207
10520208
10520209
10520210
10520211
10520212
10520213
10520214
10520215
10520216
10605401
10605501
10605601
10605701
10605801
10605901
10606101
10606201
10606301
10606401
10606501
10606601
10606701
10606801
10607001
10607401
10607501
10607601
10607701
10607801
10608201
10608501
10608601
10608901
10609201
10609301
10609601
10609901
10610101
10610201
10610601
10611001
10611101
10611401
10611601
10611701
10611901
10612201
10612301
10612401
10612901
10613001
10613101
10613201
10613301
10613401
10613501
10613601
10613701
10614001
10614101
10614201
10614301
10614401
10614501
10615301
10615401
10615501
10615601
10615701
10615801
10615901
10616001
10616301
10616401
10616501
10616601
10616701
10616801
10617401
10617501
10617601
10617701
10617801
10617901
10618101
10618201
10618301
10730057
10730058
10730060
10730061
10730062
10730063
10730064
10730066
10730067
10730068
10730069
10730070
10730072
10730073
10730074
10730075
10730076
10730077
10730078
10730079
10730080
10730081
10730082
10730083
10730084
10730085
10730086
10730087
10730088
10730089
10730090
10730091
10730092
10730093
10730094
10730095
10730096
10730097
10730098
10730099
10730100
10730101
10730102
10730103
10730104
10730105
10730106
10730107
10730108
10730109
10730110
10730111
10730112
10730113
10730114
10730115
10730116
10730117
10730118
10730119
10730120
10730121
10730122
10730123
10730124
10730125
10730126
10730127
10730128
10730129
10730130
10730131
10730132
10730133
10730134
10730135
10730136
10730137
10730138
10730139
10730140
10730141
10730142
10730143
10730144
10730145
10730146
10730147
10730148
10730149
10730150
10730151
10730152
10730153
10730154
10730155
10730156
10730157
10730158
10730159
10730160
10730161
10730162
10730163
10730164
10730165
10730166
10730167
10730168
10730169
10730170
10730171
10730172
10730173
10730174
10730175
10730176
10730177
10730178
10730179
10730180
10730181
10730182
10730183
10730184
10730185
10730186
10730187
10730188
10730189
10730190
10730191
10730192
10730193
10730194
10730195
10730196
10730197
10730198
10730199
10730200
10730201
10730202
10730203
10730204
10730205
10730206
10730207
10730208
10730209
10730210
10730211
10730212
10730213
10730214
10730215
10730216
10730217
10730218
10730219
10730220
10730221
10730222
10730223
10730224
10730225
10730226
10730227
10730228
10730229
10730230
10730231
10730232
10730233
10730234
10730235
10730236
10730237
10730238
10730239
10730240
10730241
10730242
10730243
10730244
10730245
10730246
10730247
10730248
10730249
10730250
10730251
10730252
10730253
10730254
10730255
10730256
10730257
10730258
10730259
10730260
10830057
10830058
10830060
10830061
10830062
10830063
10830064
10830066
10830067
10830068
10830069
10830070
10830072
10830073
10830074
10830075
10830076
10830077
10830078
10830079
10830080
10830081
10830082
10830083
10830084
10830085
10830086
10830087
10830088
10830089
10830090
10830091
10830092
10830093
10830094
10830095
10830096
10830097
10830098
10830099
10830100
10830101
10830102
10830103
10830104
10830105
10830106
10830107
10830108
10830109
10830110
10830111
10830112
10830113
10830114
10830115
10830116
10830117
10830118
10830119
10830120
10830121
10830122
10830123
10830124
10830125
10830126
10830127
10830128
10830129
10830130
10830131
10830132
10830133
10830134
10830135
10830136
10830137
10830138
10830139
10830140
10830141
10830142
10830143
10830144
10830145
10830146
10830147
10830148
10830149
10830150
10830151
10830152
10830153
10830154
10830155
10830156
10830157
10830158
10830159
10830160
10830161
10830162
10830163
10830164
10830165
10830166
10830167
10830168
10830169
10830170
10830171
10830172
10830173
10830174
10830175
10830176
10830177
10830178
10830179
10830180
10830181
10830182
10830183
10830184
10830185
10830186
10830187
10830188
10830189
10830190
10830196
10830197
10830198
10830199
10830200
10830201
10830202
10830203
10830204
10830205
10830206
10830207
10830208
10830209
10830210
10830211
10830212
10830213
10830214
10830215
10830216
10830217
10830218
10830219
10830220
10830221
10830222
10830223
10830224
10830225
10830226
10830227
10830228
10830229
10830230
10830231
10830232
10830233
10830234
10830235
10830236
10830237
10830238
10830239
10830240
10830241
10830242
10830243
10830244
10830245
10830246
10830247
10830248
10830249
10830250
10830251
10830252
10830253
10830254
10830255
10830256
10830257
10830258
10830259
10830260
10907501
10907601
10907701
10907801
10907901
10908001
10908101
10908201
10908301
10908401
10908501
10908601
10908901
10909001
10909002
10909003
10909101
10909102
10909103
10909201
10909301
10909401
10909501
10909601
10909701
10909801
10909901
10909902
10909903
10911301
10911401
10911501
10911601
10911602
10911603
10911701
10911702
10911703
10911801
10911802
10911803
10911901
10911902
10911903
10912001
10912002
10912003
10912101
10912201
10912301
10912401
10912501
10912601
10912701
10912801
10912802
10912803
10912902
10913001
10913002
10913003
10913101
10913102
10913103
10913201
10913202
10913203
10913302
10913401
10913402
10913403
10913501
10913801
10914101
10914201
10914301
10914401
10914501
10914601
10914701
10914801
10914901
10915001
10915101
10915201
10915301
10915401
10915501
10915601
10915701
10915801
10915901
20000001
20000002
20000003
20000004
20000005
20000006
20000007
20000008
20000009
20000010
20000011
20000012
20000013
20000014
20000015
20000016
20000017
20000018
20000019
20000020
20000021
20000022
20000023
20000024
20000025
20000026
20000027
20000028
20000029
20000030
20000031
20000032
20000033
20000034
20000035
20000036
20000037
20000038
20000039
20000040
20000041
20000042
20000043
20000044
20000045
20000046
20000047
20000048
20000049
20000050
20000051
20000052
20000053
20000054
20000055
20000056
20000057
20000058
20000059
20000060
20000061
20000062
20000063
20000064
20000065
20000066
20000067
20000068
20000069
20000070
20000071
20000072
20000073
20000074
20000076
20000077
20000078
20000079
20000081
20000082
20000083
20000084
20000085
20000086
20000088
20000089
20000090
20000091
20000092
20000093
20000094
20000095
20000096
20000097
20000098
20000099
20000100
20000101
20000102
20000103
20000104
20000105
20000106
20000107
20000108
20000109
20000110
20000111
20000112
20000113
20000114
20000115
20000116
20000117
20000118
20000120
20000121
20000122
20000123
20000124
20000125
20000126
20000127
20000128
20000129
20000130
20000131
20000132
20000133
20000134
20000135
20000136
20000137
20000138
20000139
20000140
20000141
20000142
20000143
20000144
20000145
20000146
20000147
20000148
20000149
20000150
20000151
20000152
20000153
20000154
20000155
20000156
20000157
20000158
20000159
20000160
20000161
20000162
20000163
20000164
20000165
20000166
20000167
20000168
20000169
20000170
20000171
20000172
20000173
20000174
20000175
20000176
20000177
20000178
20000179
20000180
20000181
20000182
20000183
20000184
20000185
20000186
20000187
20000188
20000189
20000190
20000191
20000192
20000193
20000194
20000195
20000196
20000197
20000198
20000199
21000001
21000002
21000003
21000004
21000005
21000006
21000007
21000008
21000009
21000010
21000011
21000012
21000013
21000014
21000015
21000016
21000017
21000018
21000019
21000020
21000021
21000022
21000023
21000024
21000025
21000026
21000027
21000028
21000029
21000030
21000031
21000032
21000033
21000034
21000035
21000036
21000037
21000038
21000039
21000040
21000041
21000042
21000043
21000044
21000045
21000046
21000047
21000048
21000049
21000050
21000051
21000052
21000053
21000054
21000055
21000056
21000057
21000058
21000059
21000060
21000061
21000062
21000063
21000064
21000065
21000066
21000067
21000068
21000069
21000070
21000071
21000072
21000073
21000074
21000076
21000077
21000078
21000079
21000081
21000082
21000083
21000084
21000085
21000086
21000088
21000089
21000090
21000091
21000092
21000093
21000094
21000095
21000096
21000097
21000098
21000099
21000100
21000101
21000102
21000103
21000104
21000105
21000106
21000107
21000108
21000109
21000110
21000111
21000112
21000113
21000114
21000115
21000116
21000117
21000118
21000120
21000121
21000122
21000123
21000124
21000125
21000126
21000127
21000128
21000129
21000130
21000131
21000132
21000133
21000134
21000135
21000136
21000137
21000138
21000139
21000140
21000141
21000142
21000143
21000144
21000145
21000146
21000147
21000148
21000149
21000150
21000151
21000152
21000153
21000154
21000155
21000156
21000157
21000158
21000159
21000160
21000161
21000162
21000163
21000164
21000165
21000166
21000167
21000168
21000169
21000170
21000171
21000172
21000173
21000174
21000175
21000176
21000177
21000178
21000179
21000180
21000181
21000182
21000183
21000184
21000185
21000186
21000187
21000188
21000189
21000190
21000191
21000192
21000193
21000194
21000195
21000196
21000197
21000198
21000199
31110002
31110003
31110006
31110007
31110010
31110011
31110014
31110015
31110018
31110019
31110022
31110023
31110026
31110027
31110030
31110031
31110034
31110035
31110038
31110039
31120002
31120003
31120006
31120007
31120010
31120011
31120014
31120015
31120018
31120019
31120022
31120023
31120026
31120027
31120030
31120031
31120034
31120035
31120038
31120039
31130002
31130003
31130006
31130007
31130010
31130011
31130014
31130015
31130018
31130019
31130022
31130023
31130026
31130027
31130030
31130031
31130034
31130035
31130038
31130039
31140002
31140003
31140006
31140007
31140010
31140011
31140014
31140015
31140018
31140019
31140022
31140023
31140026
31140027
31140030
31140031
31140034
31140035
31140038
31140039
31210002
31210003
31210006
31210007
31210010
31210011
31210014
31210015
31210018
31210019
31210022
31210023
31210026
31210027
31210030
31210031
31210034
31210035
31210038
31210039
31220002
31220003
31220006
31220007
31220010
31220011
31220014
31220015
31220018
31220019
31220022
31220023
31220026
31220027
31220030
31220031
31220034
31220035
31220038
31220039
31230002
31230003
31230006
31230007
31230010
31230011
31230014
31230015
31230018
31230019
31230022
31230023
31230026
31230027
31230030
31230031
31230034
31230035
31230038
31230039
31240002
31240003
31240006
31240007
31240010
31240011
31240014
31240015
31240018
31240019
31240022
31240023
31240026
31240027
31240030
31240031
31240034
31240035
31240038
31240039
31310002
31310003
31310013
31310014
31310015
31310025
31310026
31310027
31310038
31310039
31320002
31320003
31320013
31320014
31320015
31320025
31320026
31320027
31320038
31320039
31330002
31330003
31330013
31330014
31330015
31330025
31330026
31330027
31330038
31330039
31340002
31340003
31340013
31340014
31340015
31340025
31340026
31340027
31340038
31340039
31410004
31410008
31410012
31410016
31410020
31410024
31410028
31410032
31410036
31410040
31420004
31420008
31420012
31420016
31420020
31420024
31420028
31420032
31420036
31420040
31430004
31430008
31430012
31430016
31430020
31430024
31430028
31430032
31430036
31430040
31440004
31440008
31440012
31440016
31440020
31440024
31440028
31440032
31440036
31440040
32110002
32110003
32110006
32110007
32110010
32110011
32110014
32110015
32110018
32110019
32110022
32110023
32110026
32110027
32110030
32110031
32110034
32110035
32110038
32110039
32210002
32210003
32210006
32210007
32210010
32210011
32210014
32210015
32210018
32210019
32210022
32210023
32210026
32210027
32210030
32210031
32210034
32210035
32210038
32210039
32310002
32310003
32310014
32310015
32310016
32310026
32310027
32310028
32310038
32310039
32410001
32410005
32410009
32410013
32410017
32410021
32410025
32410029
32410033
32410037
33110002
33110003
33110006
33110007
33110010
33110011
33110014
33110015
33110018
33110019
33110022
33110023
33110026
33110027
33110030
33110031
33110034
33110035
33110038
33110039
33210002
33210003
33210006
33210007
33210010
33210011
33210014
33210015
33210018
33210019
33210022
33210023
33210026
33210027
33210030
33210031
33210034
33210035
33210038
33210039
33310002
33310003
33310013
33310014
33310015
33310025
33310026
33310027
33310038
33310039
33410004
33410008
33410012
33410016
33410020
33410024
33410028
33410032
33410036
33410040
41110002
41110003
41110006
41110007
41110010
41110011
41110014
41110015
41110018
41110019
41110022
41110023
41110026
41110027
41110030
41110031
41110034
41110035
41110038
41110039
41120002
41120003
41120006
41120007
41120010
41120011
41120014
41120015
41120018
41120019
41120022
41120023
41120026
41120027
41120030
41120031
41120034
41120035
41120038
41120039
41130002
41130003
41130006
41130007
41130010
41130011
41130014
41130015
41130018
41130019
41130022
41130023
41130026
41130027
41130030
41130031
41130034
41130035
41130038
41130039
41140002
41140003
41140006
41140007
41140010
41140011
41140014
41140015
41140018
41140019
41140022
41140023
41140026
41140027
41140030
41140031
41140034
41140035
41140038
41140039
41210002
41210003
41210006
41210007
41210010
41210011
41210014
41210015
41210018
41210019
41210022
41210023
41210026
41210027
41210030
41210031
41210034
41210035
41210038
41210039
41220002
41220003
41220006
41220007
41220010
41220011
41220014
41220015
41220018
41220019
41220022
41220023
41220026
41220027
41220030
41220031
41220034
41220035
41220038
41220039
41230002
41230003
41230006
41230007
41230010
41230011
41230014
41230015
41230018
41230019
41230022
41230023
41230026
41230027
41230030
41230031
41230034
41230035
41230038
41230039
41240002
41240003
41240006
41240007
41240010
41240011
41240014
41240015
41240018
41240019
41240022
41240023
41240026
41240027
41240030
41240031
41240034
41240035
41240038
41240039
41310002
41310003
41310013
41310014
41310015
41310025
41310026
41310027
41310038
41310039
41320002
41320003
41320013
41320014
41320015
41320025
41320026
41320027
41320038
41320039
41330002
41330003
41330013
41330014
41330015
41330025
41330026
41330027
41330038
41330039
41340002
41340003
41340013
41340014
41340015
41340025
41340026
41340027
41340038
41340039
41410004
41410008
41410012
41410016
41410020
41410024
41410028
41410032
41410036
41410040
41420004
41420008
41420012
41420016
41420020
41420024
41420028
41420032
41420036
41420040
41430004
41430008
41430012
41430016
41430020
41430024
41430028
41430032
41430036
41430040
41440004
41440008
41440012
41440016
41440020
41440024
41440028
41440032
41440036
41440040
42110002
42110003
42110006
42110007
42110010
42110011
42110014
42110015
42110018
42110019
42110022
42110023
42110026
42110027
42110030
42110031
42110034
42110035
42110038
42110039
42210002
42210003
42210006
42210007
42210010
42210011
42210014
42210015
42210018
42210019
42210022
42210023
42210026
42210027
42210030
42210031
42210034
42210035
42210038
42210039
42310002
42310003
42310014
42310015
42310016
42310026
42310027
42310028
42310038
42310039
42410001
42410005
42410009
42410013
42410017
42410021
42410025
42410029
42410033
42410037
43110002
43110003
43110006
43110007
43110010
43110011
43110014
43110015
43110018
43110019
43110022
43110023
43110026
43110027
43110030
43110031
43110034
43110035
43110038
43110039
43210002
43210003
43210006
43210007
43210010
43210011
43210014
43210015
43210018
43210019
43210022
43210023
43210026
43210027
43210030
43210031
43210034
43210035
43210038
43210039
43310002
43310003
43310013
43310014
43310015
43310025
43310026
43310027
43310038
43310039
43410004
43410008
43410012
43410016
43410020
43410024
43410028
43410032
43410036
43410040
93201005
93201033
93201035
93201036
93201037
93201038
93201039
93201040
93201058
93201059
93201068
93201069
93201078
93201079
93201088
93201089
93201131
93201133
94201035
94201036
94201037
94201038
94201039
94201040
95201035
95201036
95201037
95201038
95201039
95201040