CTRIAR    310001     111  110129  312801  312901     101
CTRIAR  10310001     111101101291031280110312901     121
CTRIAR    310002     111  110128  312801  110129     101
CTRIAR  10310002     111101101281031280110110129     121
CTRIAR    310003     111  312901  313001  110129     101
CTRIAR  10310003     111103129011031300110110129     121
CTRIAR    310004     111  313001  110130  110129     101
CTRIAR  10310004     111103130011011013010110129     121
CTRIAR    310005     111  110205  320401  320501     101
CTRIAR  10310005     111101102051032040110320501     121
CTRIAR    310006     111  110204  320401  110205     101
CTRIAR  10310006     111101102041032040110110205     121
CTRIAR    310007     111  110342  110367  334201     101
CTRIAR  10310007     111101103421011036710334201     121
CTRIAR    310008     111  334201  110367  336701     101
CTRIAR  10310008     111103342011011036710336701     121
CTRIAR    310009     111  334201  210367  210342     101
CTRIAR  10310009     111103342011021036710210342     121
CTRIAR    310010     111  336701  210367  334201     101
CTRIAR  10310010     111103367011021036710334201     121
CTRIAR    310011     111  210343  334201  210342     101
CTRIAR  10310011     111102103431033420110210342     121
CTRIAR    310012     111  334301  334201  210343     101
CTRIAR  10310012     111103343011033420110210343     121
CTRIAR    310013     111  210229  320401  322901     101
CTRIAR  10310013     111102102291032040110322901     121
CTRIAR    310014     111  210204  320401  210229     101
CTRIAR  10310014     111102102041032040110210229     121
CTRIAR    310015     111  320501  320401  210205     101
CTRIAR  10310015     111103205011032040110210205     121
CTRIAR    310016     111  210205  320401  210204     101
CTRIAR  10310016     111102102051032040110210204     121
CTRIAR    310017     111  110206  110205  320601     101
CTRIAR  10310017     111101102061011020510320601     121
CTRIAR    310018     111  320601  110205  320501     101
CTRIAR  10310018     111103206011011020510320501     121
CTRIAR    310019     111  320601  210205  210206     101
CTRIAR  10310019     111103206011021020510210206     121
CTRIAR    310020     111  320501  210205  320601     101
CTRIAR  10310020     111103205011021020510320601     121
CTRIAR    310021     111  310901  210109  210052     101
CTRIAR  10310021     111103109011021010910210052     121
CTRIAR    310022     111  310901  210052  305201     101
CTRIAR  10310022     111103109011021005210305201     121
CTRIAR    310023     111  110052  110109  310901     101
CTRIAR  10310023     111101100521011010910310901     121
CTRIAR    310024     111  305201  110052  310901     101
CTRIAR  10310024     111103052011011005210310901     121
CTRIAR    310025     111  310901  110109  110130     101
CTRIAR  10310025     111103109011011010910110130     121
CTRIAR    310026     111  310901  110130  313001     101
CTRIAR  10310026     111103109011011013010313001     121
CTRIAR    310027     111  110228  322701  322801     101
CTRIAR  10310027     111101102281032270110322801     121
CTRIAR    310028     111  110228  110227  322701     101
CTRIAR  10310028     111101102281011022710322701     121
CTRIAR    310029     111  322701  110227  110252     101
CTRIAR  10310029     111103227011011022710110252     121
CTRIAR    310030     111  325201  322701  110252     101
CTRIAR  10310030     111103252011032270110110252     121
CTRIAR    310031     111  110206  320601  110181     101
CTRIAR  10310031     111101102061032060110110181     121
CTRIAR    310032     111  110181  320601  318101     101
CTRIAR  10310032     111101101811032060110318101     121
CTRIAR    310033     111  318101  318201  110181     101
CTRIAR  10310033     111103181011031820110110181     121
CTRIAR    310034     111  318201  110182  110181     101
CTRIAR  10310034     111103182011011018210110181     121
CTRIAR    310035     111  110342  334201  110343     101
CTRIAR  10310035     111101103421033420110110343     121
CTRIAR    310036     111  110343  334201  334301     101
CTRIAR  10310036     111101103431033420110334301     121
CTRIAR    310037     111  110320  110319  332001     101
CTRIAR  10310037     111101103201011031910332001     121
CTRIAR    310038     111  332001  110319  331901     101
CTRIAR  10310038     111103320011011031910331901     121
CTRIAR    310039     111  210319  210320  332001     101
CTRIAR  10310039     111102103191021032010332001     121
CTRIAR    310040     111  331901  210319  332001     101
CTRIAR  10310040     111103319011021031910332001     121
CTRIAR    310041     111  110250  110275  325001     101
CTRIAR  10310041     111101102501011027510325001     121
CTRIAR    310042     111  325001  110275  327501     101
CTRIAR  10310042     111103250011011027510327501     121
CTRIAR    310043     111  327401  110275  110274     101
CTRIAR  10310043     111103274011011027510110274     121
CTRIAR    310044     111  327501  110275  327401     101
CTRIAR  10310044     111103275011011027510327401     121
CTRIAR    310045     111  110273  327401  110274     101
CTRIAR  10310045     111101102731032740110110274     121
CTRIAR    310046     111  327301  327401  110273     101
CTRIAR  10310046     111103273011032740110110273     121
CTRIAR    310047     111  210181  320601  210206     101
CTRIAR  10310047     111102101811032060110210206     121
CTRIAR    310048     111  318101  320601  210181     101
CTRIAR  10310048     111103181011032060110210181     121
CTRIAR    310049     111  210181  318201  318101     101
CTRIAR  10310049     111102101811031820110318101     121
CTRIAR    310050     111  210181  210182  318201     101
CTRIAR  10310050     111102101811021018210318201     121
CTRIAR    310051     111  110229  320401  110204     101
CTRIAR  10310051     111101102291032040110110204     121
CTRIAR    310052     111  322901  320401  110229     101
CTRIAR  10310052     111103229011032040110110229     121
CTRIAR    310053     111  110229  110228  322801     101
CTRIAR  10310053     111101102291011022810322801     121
CTRIAR    310054     111  322801  322901  110229     101
CTRIAR  10310054     111103228011032290110110229     121
CTRIAR    310055     111  110160  312801  110128     101
CTRIAR  10310055     111101101601031280110110128     121
CTRIAR    310056     111  316001  312801  110160     101
CTRIAR  10310056     111103160011031280110110160     121
CTRIAR    310057     111  110160  315901  316001     101
CTRIAR  10310057     111101101601031590110316001     121
CTRIAR    310058     111  110160  110159  315901     101
CTRIAR  10310058     111101101601011015910315901     121
CTRIAR    310059     111  336701  110367  336601     101
CTRIAR  10310059     111103367011011036710336601     121
CTRIAR    310060     111  110367  110366  336601     101
CTRIAR  10310060     111101103671011036610336601     121
CTRIAR    310061     111  336601  110366  110365     101
CTRIAR  10310061     111103366011011036610110365     121
CTRIAR    310062     111  336601  110365  336501     101
CTRIAR  10310062     111103366011011036510336501     121
CTRIAR    310063     111  110389  110388  338801     101
CTRIAR  10310063     111101103891011038810338801     121
CTRIAR    310064     111  338801  338901  110389     101
CTRIAR  10310064     111103388011033890110110389     121
CTRIAR    310065     111  110365  110390  339001     101
CTRIAR  10310065     111101103651011039010339001     121
CTRIAR    310066     111  336501  110365  339001     101
CTRIAR  10310066     111103365011011036510339001     121
CTRIAR    310067     111  339001  210390  210365     101
CTRIAR  10310067     111103390011021039010210365     121
CTRIAR    310068     111  339001  210365  336501     101
CTRIAR  10310068     111103390011021036510336501     121
CTRIAR    310069     111  110390  110389  339001     101
CTRIAR  10310069     111101103901011038910339001     121
CTRIAR    310070     111  339001  110389  338901     101
CTRIAR  10310070     111103390011011038910338901     121
CTRIAR    310071     111  210389  338901  338801     101
CTRIAR  10310071     111102103891033890110338801     121
CTRIAR    310072     111  338801  210388  210389     101
CTRIAR  10310072     111103388011021038810210389     121
CTRIAR    310073     111  210390  339001  210389     101
CTRIAR  10310073     111102103901033900110210389     121
CTRIAR    310074     111  210389  339001  338901     101
CTRIAR  10310074     111102103891033900110338901     121
CTRIAR    310075     111  341101  110411  110433     101
CTRIAR  10310075     111103411011011041110110433     121
CTRIAR    310076     111  110433  343301  341101     101
CTRIAR  10310076     111101104331034330110341101     121
CTRIAR    310077     111  341101  343301  210433     101
CTRIAR  10310077     111103411011034330110210433     121
CTRIAR    310078     111  210433  210411  341101     101
CTRIAR  10310078     111102104331021041110341101     121
CTRIAR    310079     111  110412  110411  341101     101
CTRIAR  10310079     111101104121011041110341101     121
CTRIAR    310080     111  341101  341201  110412     101
CTRIAR  10310080     111103411011034120110110412     121
CTRIAR    310081     111  334401  110319  110344     101
CTRIAR  10310081     111103344011011031910110344     121
CTRIAR    310082     111  331901  110319  334401     101
CTRIAR  10310082     111103319011011031910334401     121
CTRIAR    310083     111  334401  210344  210319     101
CTRIAR  10310083     111103344011021034410210319     121
CTRIAR    310084     111  334401  210319  331901     101
CTRIAR  10310084     111103344011021031910331901     121
CTRIAR    310085     111  110344  110343  334401     101
CTRIAR  10310085     111101103441011034310334401     121
CTRIAR    310086     111  334401  110343  334301     101
CTRIAR  10310086     111103344011011034310334301     121
CTRIAR    310087     111  334301  210343  334401     101
CTRIAR  10310087     111103343011021034310334401     121
CTRIAR    310088     111  210343  210344  334401     101
CTRIAR  10310088     111102103431021034410334401     121
CTRIAR    310089     111  332101  210320  210321     101
CTRIAR  10310089     111103321011021032010210321     121
CTRIAR    310090     111  332101  332001  210320     101
CTRIAR  10310090     111103321011033200110210320     121
CTRIAR    310091     111  332101  110321  110320     101
CTRIAR  10310091     111103321011011032110110320     121
CTRIAR    310092     111  110320  332001  332101     101
CTRIAR  10310092     111101103201033200110332101     121
CTRIAR    310093     111  332101  210321  210296     101
CTRIAR  10310093     111103321011021032110210296     121
CTRIAR    310094     111  332101  210296  329601     101
CTRIAR  10310094     111103321011021029610329601     121
CTRIAR    310095     111  110296  110321  332101     101
CTRIAR  10310095     111101102961011032110332101     121
CTRIAR    310096     111  329601  110296  332101     101
CTRIAR  10310096     111103296011011029610332101     121
CTRIAR    310097     111  110251  110250  325101     101
CTRIAR  10310097     111101102511011025010325101     121
CTRIAR    310098     111  110250  325001  325101     101
CTRIAR  10310098     111101102501032500110325101     121
CTRIAR    310099     111  210250  210251  325101     101
CTRIAR  10310099     111102102501021025110325101     121
CTRIAR    310100     111  325101  325001  210250     101
CTRIAR  10310100     111103251011032500110210250     121
CTRIAR    310101     111  325101  110252  110251     101
CTRIAR  10310101     111103251011011025210110251     121
CTRIAR    310102     111  325201  110252  325101     101
CTRIAR  10310102     111103252011011025210325101     121
CTRIAR    310103     111  210251  210252  325101     101
CTRIAR  10310103     111102102511021025210325101     121
CTRIAR    310104     111  325101  210252  325201     101
CTRIAR  10310104     111103251011021025210325201     121
CTRIAR    310105     111  210274  327401  327301     101
CTRIAR  10310105     111102102741032740110327301     121
CTRIAR    310106     111  327301  210273  210274     101
CTRIAR  10310106     111103273011021027310210274     121
CTRIAR    310107     111  210227  322701  325201     101
CTRIAR  10310107     111102102271032270110325201     121
CTRIAR    310108     111  325201  210252  210227     101
CTRIAR  10310108     111103252011021025210210227     121
CTRIAR    310109     111  110183  110182  318201     101
CTRIAR  10310109     111101101831011018210318201     121
CTRIAR    310110     111  318201  318301  110183     101
CTRIAR  10310110     111103182011031830110110183     121
CTRIAR    310111     111  318201  210182  210183     101
CTRIAR  10310111     111103182011021018210210183     121
CTRIAR    310112     111  210183  318301  318201     101
CTRIAR  10310112     111102101831031830110318201     121
CTRIAR    310113     111  315801  318301  210183     101
CTRIAR  10310113     111103158011031830110210183     121
CTRIAR    310114     111  210183  210158  315801     101
CTRIAR  10310114     111102101831021015810315801     121
CTRIAR    310115     111  210366  336601  336501     101
CTRIAR  10310115     111102103661033660110336501     121
CTRIAR    310116     111  336501  210365  210366     101
CTRIAR  10310116     111103365011021036510210366     121
CTRIAR    310117     111  210366  210367  336701     101
CTRIAR  10310117     111102103661021036710336701     121
CTRIAR    310118     111  336701  336601  210366     101
CTRIAR  10310118     111103367011033660110210366     121
CTRIAR    310119     111  338801  110388  110413     101
CTRIAR  10310119     111103388011011038810110413     121
CTRIAR    310120     111  110413  341301  338801     101
CTRIAR  10310120     111101104131034130110338801     121
CTRIAR    310121     111  110413  110412  341201     101
CTRIAR  10310121     111101104131011041210341201     121
CTRIAR    310122     111  341201  341301  110413     101
CTRIAR  10310122     111103412011034130110110413     121
CTRIAR    310123     111  341101  210411  210412     101
CTRIAR  10310123     111103411011021041110210412     121
CTRIAR    310124     111  210412  341201  341101     101
CTRIAR  10310124     111102104121034120110341101     121
CTRIAR    310125     111  110297  110296  329701     101
CTRIAR  10310125     111101102971011029610329701     121
CTRIAR    310126     111  329701  110296  329601     101
CTRIAR  10310126     111103297011011029610329601     121
CTRIAR    310127     111  329601  210296  329701     101
CTRIAR  10310127     111103296011021029610329701     121
CTRIAR    310128     111  210296  210297  329701     101
CTRIAR  10310128     111102102961021029710329701     121
CTRIAR    310129     111  210275  325001  327501     101
CTRIAR  10310129     111102102751032500110327501     121
CTRIAR    310130     111  210250  325001  210275     101
CTRIAR  10310130     111102102501032500110210275     121
CTRIAR    310131     111  327501  327401  210275     101
CTRIAR  10310131     111103275011032740110210275     121
CTRIAR    310132     111  327401  210274  210275     101
CTRIAR  10310132     111103274011021027410210275     121
CTRIAR    310133     111  210228  210229  322901     101
CTRIAR  10310133     111102102281021022910322901     121
CTRIAR    310134     111  210228  322901  322801     101
CTRIAR  10310134     111102102281032290110322801     121
CTRIAR    310135     111  322801  322701  210228     101
CTRIAR  10310135     111103228011032270110210228     121
CTRIAR    310136     111  322701  210227  210228     101
CTRIAR  10310136     111103227011021022710210228     121
CTRIAR    310137     111  315901  110159  110158     101
CTRIAR  10310137     111103159011011015910110158     121
CTRIAR    310138     111  315801  315901  110158     101
CTRIAR  10310138     111103158011031590110110158     121
CTRIAR    310139     111  110158  110183  318301     101
CTRIAR  10310139     111101101581011018310318301     121
CTRIAR    310140     111  110158  318301  315801     101
CTRIAR  10310140     111101101581031830110315801     121
CTRIAR    310141     111  315801  210158  210159     101
CTRIAR  10310141     111103158011021015810210159     121
CTRIAR    310142     111  210159  315901  315801     101
CTRIAR  10310142     111102101591031590110315801     121
CTRIAR    310143     111  316001  315901  210159     101
CTRIAR  10310143     111103160011031590110210159     121
CTRIAR    310144     111  210159  210160  316001     101
CTRIAR  10310144     111102101591021016010316001     121
CTRIAR    310145     111  210413  210388  338801     101
CTRIAR  10310145     111102104131021038810338801     121
CTRIAR    310146     111  338801  341301  210413     101
CTRIAR  10310146     111103388011034130110210413     121
CTRIAR    310147     111  210413  341301  341201     101
CTRIAR  10310147     111102104131034130110341201     121
CTRIAR    310148     111  341201  210412  210413     101
CTRIAR  10310148     111103412011021041210210413     121
CTRIAR    310149     111  329801  110298  110297     101
CTRIAR  10310149     111103298011011029810110297     121
CTRIAR    310150     111  110297  329701  329801     101
CTRIAR  10310150     111101102971032970110329801     121
CTRIAR    310151     111  329801  329701  210297     101
CTRIAR  10310151     111103298011032970110210297     121
CTRIAR    310152     111  210297  210298  329801     101
CTRIAR  10310152     111102102971021029810329801     121
CTRIAR    310153     111  327301  110273  329801     101
CTRIAR  10310153     111103273011011027310329801     121
CTRIAR    310154     111  110273  110298  329801     101
CTRIAR  10310154     111101102731011029810329801     121
CTRIAR    310155     111  329801  210273  327301     101
CTRIAR  10310155     111103298011021027310327301     121
CTRIAR    310156     111  329801  210298  210273     101
CTRIAR  10310156     111103298011021029810210273     121
CTRIAR    310157     111  210128  312801  316001     101
CTRIAR  10310157     111102101281031280110316001     121
CTRIAR    310158     111  316001  210160  210128     101
CTRIAR  10310158     111103160011021016010210128     121
CTRIAR    310159     111  312901  312801  210128     101
CTRIAR  10310159     111103129011031280110210128     121
CTRIAR    310160     111  210128  210129  312901     101
CTRIAR  10310160     111102101281021012910312901     121
CTRIAR    310161     111  210109  310901  210130     101
CTRIAR  10310161     111102101091031090110210130     121
CTRIAR    310162     111  210130  310901  313001     101
CTRIAR  10310162     111102101301031090110313001     121
CTRIAR    310163     111  210130  313001  312901     101
CTRIAR  10310163     111102101301031300110312901     121
CTRIAR    310164     111  312901  210129  210130     101
CTRIAR  10310164     111103129011021012910210130     121
CTRIAR    310165     111  210101  210432  343201     101
CTRIAR  10310165     111102101011021043210343201     121
CTRIAR    310166     111  310101  210101  343201     101
CTRIAR  10310166     111103101011021010110343201     121
CTRIAR    310167     111  343201  110432  110101     101
CTRIAR  10310167     111103432011011043210110101     121
CTRIAR    310168     111  343201  110101  310101     101
CTRIAR  10310168     111103432011011010110310101     121
CTRIAR    310169     111  343201  210433  343301     101
CTRIAR  10310169     111103432011021043310343301     121
CTRIAR    310170     111  343201  210432  210433     101
CTRIAR  10310170     111103432011021043210210433     121
CTRIAR    310171     111  343301  110433  343201     101
CTRIAR  10310171     111103433011011043310343201     121
CTRIAR    310172     111  110433  110432  343201     101
CTRIAR  10310172     111101104331011043210343201     121
