CTRIAR    910001     131  913503  906901  913502     101
CTRIAR  10910001     131109135031090690110913502     121
CTRIAR    910002     131  913502  906901  913501     101
CTRIAR  10910002     131109135021090690110913501     121
CTRIAR    910003     131  906901  913503  730069     101
CTRIAR  10910003     131109069011091350310730069     121
CTRIAR    910004     131  730069  913503  730135     101
CTRIAR  10910004     131107300691091350310730135     121
CTRIAR    910005     131  909105  730091  730113     101
CTRIAR  10910005     131109091051073009110730113     121
CTRIAR    910006     131  911302  909103  909104     101
CTRIAR  10910006     131109113021090910310909104     121
CTRIAR    910007     131  911302  909102  909103     101
CTRIAR  10910007     131109113021090910210909103     121
CTRIAR    910008     131  911301  909102  911302     101
CTRIAR  10910008     131109113011090910210911302     121
CTRIAR    910009     131  830069  830135  913501     101
CTRIAR  10910009     131108300691083013510913501     121
CTRIAR    910010     131  830069  913501  906901     101
CTRIAR  10910010     131108300691091350110906901     121
CTRIAR    910011     131  909105  730113  911303     101
CTRIAR  10910011     131109091051073011310911303     121
CTRIAR    910012     131  911303  909104  909105     101
CTRIAR  10910012     131109113031090910410909105     121
CTRIAR    910013     131  911303  911302  909104     101
CTRIAR  10910013     131109113031091130210909104     121
CTRIAR    910014     131  909101  909102  911301     101
CTRIAR  10910014     131109091011090910210911301     121
CTRIAR    910015     131  909101  830113  830091     101
CTRIAR  10910015     131109091011083011310830091     121
CTRIAR    910016     131  911301  830113  909101     101
CTRIAR  10910016     131109113011083011310909101     121
CTRIAR    910017     131  902502  902503  911103     101
CTRIAR  10910017     131  902502  90250310911103     121
CTRIAR    910018     131  911103  911102  902502     101
CTRIAR  10910018     1311091110310911102  902502     121
CTRIAR    910019     131  602801  906901  730069     101
CTRIAR  10910019     131106028011090690110730069     121
CTRIAR    910020     131  730069  420028  602801     101
CTRIAR  10910020     131107300691042002810602801     121
CTRIAR    910021     131  909103  911104  909104     101
CTRIAR  10910021     131109091031091110410909104     121
CTRIAR    910022     131  911103  911104  909103     101
CTRIAR  10910022     131109111031091110410909103     121
CTRIAR    910023     131  911201  830135  830112     101
CTRIAR  10910023     131109112011083013510830112     121
CTRIAR    910024     131  913501  830135  911201     101
CTRIAR  10910024     131109135011083013510911201     121
CTRIAR    910025     131  911202  913502  911201     101
CTRIAR  10910025     131109112021091350210911201     121
CTRIAR    910026     131  913502  913501  911201     101
CTRIAR  10910026     131109135021091350110911201     121
CTRIAR    910027     131  911203  913502  911202     101
CTRIAR  10910027     131109112031091350210911202     121
CTRIAR    910028     131  911203  913503  913502     101
CTRIAR  10910028     131109112031091350310913502     121
CTRIAR    910029     131  911203  730112  730135     101
CTRIAR  10910029     131109112031073011210730135     121
CTRIAR    910030     131  730135  913503  911203     101
CTRIAR  10910030     131107301351091350310911203     121
CTRIAR    910031     131  911103  902503  902504     101
CTRIAR  10910031     13110911103  902503  902504     121
CTRIAR    910032     131  902504  911104  911103     101
CTRIAR  10910032     131  9025041091110410911103     121
CTRIAR    910033     131  911105  730111  730091     101
CTRIAR  10910033     131109111051073011110730091     121
CTRIAR    910034     131  911105  730091  909105     101
CTRIAR  10910034     131109111051073009110909105     121
CTRIAR    910035     131  909104  911104  911105     101
CTRIAR  10910035     131109091041091110410911105     121
CTRIAR    910036     131  909105  909104  911105     101
CTRIAR  10910036     131109091051090910410911105     121
CTRIAR    910037     131  909102  911102  911103     101
CTRIAR  10910037     131109091021091110210911103     121
CTRIAR    910038     131  911103  909103  909102     101
CTRIAR  10910038     131109111031090910310909102     121
CTRIAR    910039     131  911202  911201  911302     101
CTRIAR  10910039     131109112021091120110911302     121
CTRIAR    910040     131  911302  911201  911301     101
CTRIAR  10910040     131109113021091120110911301     121
CTRIAR    910041     131  830113  911201  830112     101
CTRIAR  10910041     131108301131091120110830112     121
CTRIAR    910042     131  911301  911201  830113     101
CTRIAR  10910042     131109113011091120110830113     121
CTRIAR    910043     131  830069  906901  602801     101
CTRIAR  10910043     131108300691090690110602801     121
CTRIAR    910044     131  602801  520028  830069     101
CTRIAR  10910044     131106028011052002810830069     121
CTRIAR    910045     131  911303  730113  730112     101
CTRIAR  10910045     131109113031073011310730112     121
CTRIAR    910046     131  730112  911203  911303     101
CTRIAR  10910046     131107301121091120310911303     121
CTRIAR    910047     131  911303  911203  911202     101
CTRIAR  10910047     131109113031091120310911202     121
CTRIAR    910048     131  911202  911302  911303     101
CTRIAR  10910048     131109112021091130210911303     121
CTRIAR    910049     131  730025  730111  902505     101
CTRIAR  10910049     131  73002510730111  902505     121
CTRIAR    910050     131  730111  911105  902505     101
CTRIAR  10910050     1311073011110911105  902505     121
CTRIAR    910051     131  911104  902504  902505     101
CTRIAR  10910051     13110911104  902504  902505     121
CTRIAR    910052     131  902505  911105  911104     101
CTRIAR  10910052     131  9025051091110510911104     121
CTRIAR    910053     131  911101  830025  902501     101
CTRIAR  10910053     13110911101  830025  902501     121
CTRIAR    910054     131  911101  830111  830025     101
CTRIAR  10910054     1311091110110830111  830025     121
CTRIAR    910055     131  830091  830111  911101     101
CTRIAR  10910055     131108300911083011110911101     121
CTRIAR    910056     131  911101  909101  830091     101
CTRIAR  10910056     131109111011090910110830091     121
CTRIAR    910057     131  902501  902502  911101     101
CTRIAR  10910057     131  902501  90250210911101     121
CTRIAR    910058     131  911101  902502  911102     101
CTRIAR  10910058     13110911101  90250210911102     121
CTRIAR    910059     131  911102  909102  911101     101
CTRIAR  10910059     131109111021090910210911101     121
CTRIAR    910060     131  909102  909101  911101     101
CTRIAR  10910060     131109091021090910110911101     121
