CTRIAR    100001     114  110428   10097   10098     102
CTRIAR  10100001     114101104281001009710010098     122
CTRIAR    100002     114   10055  110099   10098     102
CTRIAR  10100002     114100100551011009910010098     122
CTRIAR    100003     114   10098  110099  110428     102
CTRIAR  10100003     114100100981011009910110428     122
CTRIAR    100004     114  110100  110428  110099     102
CTRIAR  10100004     114101101001011042810110099     122
CTRIAR    100005     114  110428  110100  110430     102
CTRIAR  10100005     114101104281011010010110430     122
CTRIAR    100006     114  110101  110430  110100     102
CTRIAR  10100006     114101101011011043010110100     122
CTRIAR    100007     114  110430  110101  110432     102
CTRIAR  10100007     114101104301011010110110432     122
CTRIAR    100008     114  110436  110102  110103     102
CTRIAR  10100008     114101104361011010210110103     122
CTRIAR    100009     114  110432  110102  110436     102
CTRIAR  10100009     114101104321011010210110436     122
CTRIAR    100010     114  110102  110432  110101     102
CTRIAR  10100010     114101101021011043210110101     122
CTRIAR    100011     114  110436  110433  110432     102
CTRIAR  10100011     114101104361011043310110432     122
CTRIAR    100012     114  110103  110437  110436     102
CTRIAR  10100012     114101101031011043710110436     122
CTRIAR    100013     114  110104  110437  110103     102
CTRIAR  10100013     114101101041011043710110103     122
CTRIAR    100014     114  110434  110437  110104     102
CTRIAR  10100014     114101104341011043710110104     122
CTRIAR    100015     114  110434  110414  110426     102
CTRIAR  10100015     114101104341011041410110426     122
CTRIAR    100016     114  110426  110411  110433     102
CTRIAR  10100016     114101104261011041110110433     122
CTRIAR    100017     114  110433  110436  110437     102
CTRIAR  10100017     114101104331011043610110437     122
CTRIAR    100018     114  110437  110426  110433     102
CTRIAR  10100018     114101104371011042610110433     122
CTRIAR    100019     114  110426  110437  110434     102
CTRIAR  10100019     114101104261011043710110434     122
CTRIAR    100020     114  110430  110432  110433     102
CTRIAR  10100020     114101104301011043210110433     122
CTRIAR    100021     114  110433  110431  110430     102
CTRIAR  10100021     114101104331011043110110430     122
$CTRIAR    100022     114  110428  110430  110431     102
$CTRIAR  10100022     114101104281011043010110431     122
$CTRIAR    100023     114  110431  110429  110428     102
$CTRIAR  10100023     114101104311011042910110428     122
$CTRIAR    100024     114  110405   10096  110429     102
$CTRIAR  10100024     114101104051001009610110429     122
$CTRIAR    100025     114   10096  110405   10095     102
$CTRIAR  10100025     114100100961011040510010095     122
CTRIAR    100026     114  110105  110434  110104     102
CTRIAR  10100026     114101101051011043410110104     122
CTRIAR    100027     114  110106  110438  110105     102
CTRIAR  10100027     114101101061011043810110105     122
CTRIAR    100028     114  110435  110438  110106     102
CTRIAR  10100028     114101104351011043810110106     122
CTRIAR    100029     114  110435  110417  110427     102
CTRIAR  10100029     114101104351011041710110427     122
CTRIAR    100030     114  110434  110105  110438     102
CTRIAR  10100030     114101104341011010510110438     122
CTRIAR    100031     114  110435  110427  110438     102
CTRIAR  10100031     114101104351011042710110438     122
CTRIAR    100032     114  110107  110435  110106     102
CTRIAR  10100032     114101101071011043510110106     122
CTRIAR    100033     114  110420  110435  110107     102
CTRIAR  10100033     114101104201011043510110107     122
CTRIAR    100034     114  110435  110420  110417     102
CTRIAR  10100034     114101104351011042010110417     122
CTRIAR    100035     114  110108  110420  110107     102
CTRIAR  10100035     114101101081011042010110107     122
CTRIAR    100036     114  110420  110108  110423     102
CTRIAR  10100036     114101104201011010810110423     122
CTRIAR    100037     114   10001  110423  110108     102
CTRIAR  10100037     114100100011011042310110108     122
CTRIAR    100038     114  110423   10001   10003     102
CTRIAR  10100038     114101104231001000110010003     122
$CTRIAR    100039     114  110423   10003   10004     102
$CTRIAR  10100039     114101104231001000310010004     122
$CTRIAR    100040     114  110423   10004  110424     102
$CTRIAR  10100040     114101104231001000410110424     122
$CTRIAR    100041     114  110424   10005  110425     102
$CTRIAR  10100041     114101104241001000510110425     122
$CTRIAR    100042     114   10005  110424   10004     102
$CTRIAR  10100042     114100100051011042410010004     122
$CTRIAR    100043     114  110420  110423  110424     102
$CTRIAR  10100043     114101104201011042310110424     122
$CTRIAR    100044     114  110420  110424  110421     102
$CTRIAR  10100044     114101104201011042410110421     122
$CTRIAR    100045     114  110421  110425  110422     102
$CTRIAR  10100045     114101104211011042510110422     122
$CTRIAR    100046     114  110425  110421  110424     102
$CTRIAR  10100046     114101104251011042110110424     122
CTRIAR    100047     114  110417  110420  110421     102
CTRIAR  10100047     114101104171011042010110421     122
CTRIAR    100048     114  110417  110421  110418     102
CTRIAR  10100048     114101104171011042110110418     122
CTRIAR    100049     114  110394  110422  110397     102
CTRIAR  10100049     114101103941011042210110397     122
CTRIAR    100050     114  110419  110422  110394     102
CTRIAR  10100050     114101104191011042210110394     122
CTRIAR    100051     114  110418  110422  110419     102
CTRIAR  10100051     114101104181011042210110419     122
CTRIAR    100052     114  110422  110418  110421     102
CTRIAR  10100052     114101104221011041810110421     122
CTRIAR    100053     114  110418  110427  110417     102
CTRIAR  10100053     114101104181011042710110417     122
CTRIAR    100054     114  110419  110439  110418     102
CTRIAR  10100054     114101104191011043910110418     122
CTRIAR    100055     114  110419  110394  110404     102
CTRIAR  10100055     114101104191011039410110404     122
CTRIAR    100056     114  110404  110391  110416     102
CTRIAR  10100056     114101104041011039110110416     122
CTRIAR    100057     114  110419  110404  110439     102
CTRIAR  10100057     114101104191011040410110439     122
CTRIAR    100058     114  110439  110404  110416     102
CTRIAR  10100058     114101104391011040410110416     122
CTRIAR    100059     114  110415  110439  110416     102
CTRIAR  10100059     114101104151011043910110416     122
CTRIAR    100060     114  110415  110414  110427     102
CTRIAR  10100060     114101104151011041410110427     122
CTRIAR    100061     114  110418  110439  110427     102
CTRIAR  10100061     114101104181011043910110427     122
CTRIAR    100062     114  110427  110439  110415     102
CTRIAR  10100062     114101104271011043910110415     122
CTRIAR    100063     114  110415  110426  110414     102
CTRIAR  10100063     114101104151011042610110414     122
CTRIAR    100064     114  110416  110440  110415     102
CTRIAR  10100064     114101104161011044010110415     122
CTRIAR    100065     114  110416  110391  110403     102
CTRIAR  10100065     114101104161011039110110403     122
CTRIAR    100066     114  110403  110388  110413     102
CTRIAR  10100066     114101104031011038810110413     122
CTRIAR    100067     114  110412  110441  110413     102
CTRIAR  10100067     114101104121011044110110413     122
CTRIAR    100068     114  110426  110415  110440     102
CTRIAR  10100068     114101104261011041510110440     122
CTRIAR    100069     114  110440  110416  110403     102
CTRIAR  10100069     114101104401011041610110403     122
CTRIAR    100070     114  110440  110403  110413     102
CTRIAR  10100070     114101104401011040310110413     122
CTRIAR    100071     114  110440  110413  110441     102
CTRIAR  10100071     114101104401011041310110441     122
CTRIAR    100072     114  110441  110426  110440     102
CTRIAR  10100072     114101104411011042610110440     122
CTRIAR    100073     114  110411  110409  110408     102
CTRIAR  10100073     114101104111011040910110408     122
CTRIAR    100074     114  110412  110409  110411     102
CTRIAR  10100074     114101104121011040910110411     122
CTRIAR    100075     114  110413  110409  110412     102
CTRIAR  10100075     114101104131011040910110412     122
CTRIAR    100076     114  110413  110410  110409     102
CTRIAR  10100076     114101104131011041010110409     122
$CTRIAR    100077     114  110385  110407  110410     102
$CTRIAR  10100077     114101103851011040710110410     122
$CTRIAR    100078     114  110407  110385  110382     102
$CTRIAR  10100078     114101104071011038510110382     122
$CTRIAR    100079     114  110406   10095  110405     102
$CTRIAR  10100079     114101104061001009510110405     122
$CTRIAR    100080     114  110406   10094   10095     102
$CTRIAR  10100080     114101104061001009410010095     122
$CTRIAR    100081     114  110382   10093  110407     102
$CTRIAR  10100081     114101103821001009310110407     122
$CTRIAR    100082     114   10093  110382   10092     102
$CTRIAR  10100082     114100100931011038210010092     122
$CTRIAR    100083     114   10008  110401   10007     102
$CTRIAR  10100083     114100100081011040110010007     122
$CTRIAR    100084     114   10008  110402  110401     102
$CTRIAR  10100084     114100100081011040210110401     122
$CTRIAR    100085     114  110397  110400  110401     102
$CTRIAR  10100085     114101103971011040010110401     122
$CTRIAR    100086     114  110397  110401  110398     102
$CTRIAR  10100086     114101103971011040110110398     122
$CTRIAR    100087     114  110398  110402  110399     102
$CTRIAR  10100087     114101103981011040210110399     122
$CTRIAR    100088     114  110402  110398  110401     102
$CTRIAR  10100088     114101104021011039810110401     122
CTRIAR    100089     114  110394  110397  110398     102
CTRIAR  10100089     114101103941011039710110398     122
CTRIAR    100090     114  110394  110398  110395     102
CTRIAR  10100090     114101103941011039810110395     122
CTRIAR    100091     114  110371  110399  110374     102
CTRIAR  10100091     114101103711011039910110374     122
CTRIAR    100092     114  110396  110399  110371     102
CTRIAR  10100092     114101103961011039910110371     122
CTRIAR    100093     114  110395  110399  110396     102
CTRIAR  10100093     114101103951011039910110396     122
CTRIAR    100094     114  110399  110395  110398     102
CTRIAR  10100094     114101103991011039510110398     122
CTRIAR    100095     114  110395  110404  110394     102
CTRIAR  10100095     114101103951011040410110394     122
CTRIAR    100096     114  110396  110442  110395     102
CTRIAR  10100096     114101103961011044210110395     122
CTRIAR    100097     114  110396  110371  110381     102
CTRIAR  10100097     114101103961011037110110381     122
CTRIAR    100098     114  110381  110368  110393     102
CTRIAR  10100098     114101103811011036810110393     122
CTRIAR    100099     114  110396  110381  110442     102
CTRIAR  10100099     114101103961011038110110442     122
CTRIAR    100100     114  110442  110381  110393     102
CTRIAR  10100100     114101104421011038110110393     122
CTRIAR    100101     114  110392  110442  110393     102
CTRIAR  10100101     114101103921011044210110393     122
CTRIAR    100102     114  110392  110391  110404     102
CTRIAR  10100102     114101103921011039110110404     122
CTRIAR    100103     114  110395  110442  110404     102
CTRIAR  10100103     114101103951011044210110404     122
CTRIAR    100104     114  110404  110442  110392     102
CTRIAR  10100104     114101104041011044210110392     122
CTRIAR    100105     114  110392  110403  110391     102
CTRIAR  10100105     114101103921011040310110391     122
CTRIAR    100106     114  110393  110443  110392     102
CTRIAR  10100106     114101103931011044310110392     122
CTRIAR    100107     114  110393  110368  110380     102
CTRIAR  10100107     114101103931011036810110380     122
CTRIAR    100108     114  110380  110365  110390     102
CTRIAR  10100108     114101103801011036510110390     122
CTRIAR    100109     114  110389  110444  110390     102
CTRIAR  10100109     114101103891011044410110390     122
CTRIAR    100110     114  110403  110392  110443     102
CTRIAR  10100110     114101104031011039210110443     122
CTRIAR    100111     114  110443  110393  110380     102
CTRIAR  10100111     114101104431011039310110380     122
CTRIAR    100112     114  110443  110380  110390     102
CTRIAR  10100112     114101104431011038010110390     122
CTRIAR    100113     114  110443  110390  110444     102
CTRIAR  10100113     114101104431011039010110444     122
CTRIAR    100114     114  110444  110403  110443     102
CTRIAR  10100114     114101104441011040310110443     122
CTRIAR    100115     114  110388  110386  110385     102
CTRIAR  10100115     114101103881011038610110385     122
CTRIAR    100116     114  110389  110386  110388     102
CTRIAR  10100116     114101103891011038610110388     122
CTRIAR    100117     114  110390  110386  110389     102
CTRIAR  10100117     114101103901011038610110389     122
CTRIAR    100118     114  110390  110387  110386     102
CTRIAR  10100118     114101103901011038710110386     122
$CTRIAR    100119     114  110362  110384  110387     102
$CTRIAR  10100119     114101103621011038410110387     122
$CTRIAR    100120     114  110384  110362  110359     102
$CTRIAR  10100120     114101103841011036210110359     122
$CTRIAR    100121     114  110383   10092  110382     102
$CTRIAR  10100121     114101103831001009210110382     122
$CTRIAR    100122     114  110383   10091   10092     102
$CTRIAR  10100122     114101103831001009110010092     122
$CTRIAR    100123     114  110359   10090  110384     102
$CTRIAR  10100123     114101103591001009010110384     122
$CTRIAR    100124     114   10090  110359   10089     102
$CTRIAR  10100124     114100100901011035910010089     122
$CTRIAR    100125     114   10011  110378   10010     102
$CTRIAR  10100125     114100100111011037810010010     122
$CTRIAR    100126     114   10011  110379  110378     102
$CTRIAR  10100126     114100100111011037910110378     122
$CTRIAR    100127     114  110374  110377  110378     102
$CTRIAR  10100127     114101103741011037710110378     122
$CTRIAR    100128     114  110374  110378  110375     102
$CTRIAR  10100128     114101103741011037810110375     122
$CTRIAR    100129     114  110375  110379  110376     102
$CTRIAR  10100129     114101103751011037910110376     122
$CTRIAR    100130     114  110379  110375  110378     102
$CTRIAR  10100130     114101103791011037510110378     122
CTRIAR    100131     114  110376  110372  110375     102
CTRIAR  10100131     114101103761011037210110375     122
CTRIAR    100132     114  110376  110351  110348     102
CTRIAR  10100132     114101103761011035110110348     122
CTRIAR    100133     114  110373  110376  110348     102
CTRIAR  10100133     114101103731011037610110348     122
CTRIAR    100134     114  110376  110373  110372     102
CTRIAR  10100134     114101103761011037310110372     122
CTRIAR    100135     114  110372  110381  110371     102
CTRIAR  10100135     114101103721011038110110371     122
CTRIAR    100136     114  110373  110445  110372     102
CTRIAR  10100136     114101103731011044510110372     122
CTRIAR    100137     114  110373  110348  110358     102
CTRIAR  10100137     114101103731011034810110358     122
CTRIAR    100138     114  110358  110345  110370     102
CTRIAR  10100138     114101103581011034510110370     122
CTRIAR    100139     114  110373  110358  110445     102
CTRIAR  10100139     114101103731011035810110445     122
CTRIAR    100140     114  110445  110358  110370     102
CTRIAR  10100140     114101104451011035810110370     122
CTRIAR    100141     114  110369  110445  110370     102
CTRIAR  10100141     114101103691011044510110370     122
CTRIAR    100142     114  110369  110368  110381     102
CTRIAR  10100142     114101103691011036810110381     122
CTRIAR    100143     114  110372  110445  110381     102
CTRIAR  10100143     114101103721011044510110381     122
CTRIAR    100144     114  110381  110445  110369     102
CTRIAR  10100144     114101103811011044510110369     122
CTRIAR    100145     114  110369  110380  110368     102
CTRIAR  10100145     114101103691011038010110368     122
CTRIAR    100146     114  110370  110446  110369     102
CTRIAR  10100146     114101103701011044610110369     122
CTRIAR    100147     114  110370  110345  110357     102
CTRIAR  10100147     114101103701011034510110357     122
CTRIAR    100148     114  110357  110342  110367     102
CTRIAR  10100148     114101103571011034210110367     122
CTRIAR    100149     114  110366  110447  110367     102
CTRIAR  10100149     114101103661011044710110367     122
CTRIAR    100150     114  110380  110369  110446     102
CTRIAR  10100150     114101103801011036910110446     122
CTRIAR    100151     114  110446  110370  110357     102
CTRIAR  10100151     114101104461011037010110357     122
CTRIAR    100152     114  110446  110357  110367     102
CTRIAR  10100152     114101104461011035710110367     122
CTRIAR    100153     114  110446  110367  110447     102
CTRIAR  10100153     114101104461011036710110447     122
CTRIAR    100154     114  110447  110380  110446     102
CTRIAR  10100154     114101104471011038010110446     122
CTRIAR    100155     114  110365  110363  110362     102
CTRIAR  10100155     114101103651011036310110362     122
CTRIAR    100156     114  110366  110363  110365     102
CTRIAR  10100156     114101103661011036310110365     122
CTRIAR    100157     114  110367  110363  110366     102
CTRIAR  10100157     114101103671011036310110366     122
CTRIAR    100158     114  110367  110364  110363     102
CTRIAR  10100158     114101103671011036410110363     122
$CTRIAR    100159     114  110339  110361  110364     102
$CTRIAR  10100159     114101103391011036110110364     122
$CTRIAR    100160     114  110361  110339  110336     102
$CTRIAR  10100160     114101103611011033910110336     122
$CTRIAR    100161     114  110360   10089  110359     102
$CTRIAR  10100161     114101103601001008910110359     122
$CTRIAR    100162     114  110360   10088   10089     102
$CTRIAR  10100162     114101103601001008810010089     122
$CTRIAR    100163     114  110336   10087  110361     102
$CTRIAR  10100163     114101103361001008710110361     122
$CTRIAR    100164     114   10087  110336   10086     102
$CTRIAR  10100164     114100100871011033610010086     122
$CTRIAR    100165     114   10014  110355   10013     102
$CTRIAR  10100165     114100100141011035510010013     122
$CTRIAR    100166     114   10014  110356  110355     102
$CTRIAR  10100166     114100100141011035610110355     122
$CTRIAR    100167     114  110351  110354  110355     102
$CTRIAR  10100167     114101103511011035410110355     122
$CTRIAR    100168     114  110351  110355  110352     102
$CTRIAR  10100168     114101103511011035510110352     122
$CTRIAR    100169     114  110328  110356  110331     102
$CTRIAR  10100169     114101103281011035610110331     122
$CTRIAR    100170     114  110353  110356  110328     102
$CTRIAR  10100170     114101103531011035610110328     122
$CTRIAR    100171     114  110352  110356  110353     102
$CTRIAR  10100171     114101103521011035610110353     122
$CTRIAR    100172     114  110356  110352  110355     102
$CTRIAR  10100172     114101103561011035210110355     122
CTRIAR    100173     114  110353  110349  110352     102
CTRIAR  10100173     114101103531011034910110352     122
CTRIAR    100174     114  110353  110328  110325     102
CTRIAR  10100174     114101103531011032810110325     122
CTRIAR    100175     114  110350  110353  110325     102
CTRIAR  10100175     114101103501011035310110325     122
CTRIAR    100176     114  110353  110350  110349     102
CTRIAR  10100176     114101103531011035010110349     122
CTRIAR    100177     114  110349  110358  110348     102
CTRIAR  10100177     114101103491011035810110348     122
CTRIAR    100178     114  110350  110448  110349     102
CTRIAR  10100178     114101103501011044810110349     122
CTRIAR    100179     114  110350  110325  110335     102
CTRIAR  10100179     114101103501011032510110335     122
CTRIAR    100180     114  110335  110322  110347     102
CTRIAR  10100180     114101103351011032210110347     122
CTRIAR    100181     114  110350  110335  110448     102
CTRIAR  10100181     114101103501011033510110448     122
CTRIAR    100182     114  110448  110335  110347     102
CTRIAR  10100182     114101104481011033510110347     122
CTRIAR    100183     114  110346  110448  110347     102
CTRIAR  10100183     114101103461011044810110347     122
CTRIAR    100184     114  110346  110345  110358     102
CTRIAR  10100184     114101103461011034510110358     122
CTRIAR    100185     114  110349  110448  110358     102
CTRIAR  10100185     114101103491011044810110358     122
CTRIAR    100186     114  110358  110448  110346     102
CTRIAR  10100186     114101103581011044810110346     122
CTRIAR    100187     114  110346  110357  110345     102
CTRIAR  10100187     114101103461011035710110345     122
CTRIAR    100188     114  110347  110449  110346     102
CTRIAR  10100188     114101103471011044910110346     122
CTRIAR    100189     114  110347  110322  110334     102
CTRIAR  10100189     114101103471011032210110334     122
CTRIAR    100190     114  110334  110319  110344     102
CTRIAR  10100190     114101103341011031910110344     122
CTRIAR    100191     114  110343  110450  110344     102
CTRIAR  10100191     114101103431011045010110344     122
CTRIAR    100192     114  110357  110346  110449     102
CTRIAR  10100192     114101103571011034610110449     122
CTRIAR    100193     114  110449  110347  110334     102
CTRIAR  10100193     114101104491011034710110334     122
CTRIAR    100194     114  110449  110334  110344     102
CTRIAR  10100194     114101104491011033410110344     122
CTRIAR    100195     114  110449  110344  110450     102
CTRIAR  10100195     114101104491011034410110450     122
CTRIAR    100196     114  110450  110357  110449     102
CTRIAR  10100196     114101104501011035710110449     122
CTRIAR    100197     114  110342  110340  110339     102
CTRIAR  10100197     114101103421011034010110339     122
CTRIAR    100198     114  110343  110340  110342     102
CTRIAR  10100198     114101103431011034010110342     122
CTRIAR    100199     114  110344  110340  110343     102
CTRIAR  10100199     114101103441011034010110343     122
CTRIAR    100200     114  110344  110341  110340     102
CTRIAR  10100200     114101103441011034110110340     122
$CTRIAR    100201     114  110338  110316  110313     102
$CTRIAR  10100201     114101103381011031610110313     122
$CTRIAR    100202     114  110338  110341  110316     102
$CTRIAR  10100202     114101103381011034110110316     122
$CTRIAR    100203     114  110336  110339  110337     102
$CTRIAR  10100203     114101103361011033910110337     122
$CTRIAR    100204     114  110337  110339  110340     102
$CTRIAR  10100204     114101103371011033910110340     122
$CTRIAR    100205     114  110337   10086  110336     102
$CTRIAR  10100205     114101103371001008610110336     122
$CTRIAR    100206     114  110337   10085   10086     102
$CTRIAR  10100206     114101103371001008510010086     122
$CTRIAR    100207     114  110313   10084  110338     102
$CTRIAR  10100207     114101103131001008410110338     122
$CTRIAR    100208     114   10084  110313   10083     102
$CTRIAR  10100208     114100100841011031310010083     122
CTRIAR    100209     114   10017  110332   10016     102
CTRIAR  10100209     114100100171011033210010016     122
CTRIAR    100210     114   10017  110333  110332     102
CTRIAR  10100210     114100100171011033310110332     122
CTRIAR    100211     114  110328  110331  110332     102
CTRIAR  10100211     114101103281011033110110332     122
CTRIAR    100212     114  110328  110332  110329     102
CTRIAR  10100212     114101103281011033210110329     122
CTRIAR    100213     114  110329  110333  110330     102
CTRIAR  10100213     114101103291011033310110330     122
CTRIAR    100214     114  110333  110329  110332     102
CTRIAR  10100214     114101103331011032910110332     122
CTRIAR    100215     114  110302  110330  110305     102
CTRIAR  10100215     114101103021011033010110305     122
CTRIAR    100216     114  110327  110330  110302     102
CTRIAR  10100216     114101103271011033010110302     122
CTRIAR    100217     114  110326  110330  110327     102
CTRIAR  10100217     114101103261011033010110327     122
CTRIAR    100218     114  110326  110329  110330     102
CTRIAR  10100218     114101103261011032910110330     122
CTRIAR    100219     114  110312  110327  110302     102
CTRIAR  10100219     114101103121011032710110302     122
CTRIAR    100220     114  110312  110299  110324     102
CTRIAR  10100220     114101103121011029910110324     122
CTRIAR    100221     114  110323  110451  110324     102
CTRIAR  10100221     114101103231011045110110324     122
CTRIAR    100222     114  110323  110322  110335     102
CTRIAR  10100222     114101103231011032210110335     122
CTRIAR    100223     114  110335  110325  110326     102
CTRIAR  10100223     114101103351011032510110326     122
CTRIAR    100224     114  110323  110335  110451     102
CTRIAR  10100224     114101103231011033510110451     122
CTRIAR    100225     114  110451  110335  110326     102
CTRIAR  10100225     114101104511011033510110326     122
CTRIAR    100226     114  110327  110451  110326     102
CTRIAR  10100226     114101103271011045110110326     122
CTRIAR    100227     114  110312  110451  110327     102
CTRIAR  10100227     114101103121011045110110327     122
CTRIAR    100228     114  110451  110312  110324     102
CTRIAR  10100228     114101104511011031210110324     122
CTRIAR    100229     114  110323  110334  110322     102
CTRIAR  10100229     114101103231011033410110322     122
CTRIAR    100230     114  110324  110452  110323     102
CTRIAR  10100230     114101103241011045210110323     122
CTRIAR    100231     114  110324  110299  110311     102
CTRIAR  10100231     114101103241011029910110311     122
CTRIAR    100232     114  110311  110296  110321     102
CTRIAR  10100232     114101103111011029610110321     122
CTRIAR    100233     114  110324  110311  110452     102
CTRIAR  10100233     114101103241011031110110452     122
CTRIAR    100234     114  110452  110311  110321     102
CTRIAR  10100234     114101104521011031110110321     122
CTRIAR    100235     114  110320  110452  110321     102
CTRIAR  10100235     114101103201011045210110321     122
CTRIAR    100236     114  110320  110319  110334     102
CTRIAR  10100236     114101103201011031910110334     122
CTRIAR    100237     114  110323  110452  110334     102
CTRIAR  10100237     114101103231011045210110334     122
CTRIAR    100238     114  110334  110452  110320     102
CTRIAR  10100238     114101103341011045210110320     122
CTRIAR    100239     114  110319  110317  110316     102
CTRIAR  10100239     114101103191011031710110316     122
CTRIAR    100240     114  110320  110317  110319     102
CTRIAR  10100240     114101103201011031710110319     122
CTRIAR    100241     114  110321  110317  110320     102
CTRIAR  10100241     114101103211011031710110320     122
CTRIAR    100242     114  110321  110318  110317     102
CTRIAR  10100242     114101103211011031810110317     122
$CTRIAR    100243     114  110316  110314  110313     102
$CTRIAR  10100243     114101103161011031410110313     122
$CTRIAR    100244     114  110317  110314  110316     102
$CTRIAR  10100244     114101103171011031410110316     122
$CTRIAR    100245     114  110318  110314  110317     102
$CTRIAR  10100245     114101103181011031410110317     122
$CTRIAR    100246     114  110318  110315  110314     102
$CTRIAR  10100246     114101103181011031510110314     122
$CTRIAR    100247     114  110315   10082  110314     102
$CTRIAR  10100247     114101103151001008210110314     122
$CTRIAR    100248     114  110315   10081   10082     102
$CTRIAR  10100248     114101103151001008110010082     122
CTRIAR    100249     114   10020  110309   10019     102
CTRIAR  10100249     114100100201011030910010019     122
CTRIAR    100250     114   10020  110310  110309     102
CTRIAR  10100250     114100100201011031010110309     122
CTRIAR    100251     114  110305  110308  110309     102
CTRIAR  10100251     114101103051011030810110309     122
CTRIAR    100252     114  110305  110309  110306     102
CTRIAR  10100252     114101103051011030910110306     122
CTRIAR    100253     114  110282  110310  110285     102
CTRIAR  10100253     114101102821011031010110285     122
CTRIAR    100254     114  110307  110310  110282     102
CTRIAR  10100254     114101103071011031010110282     122
CTRIAR    100255     114  110306  110310  110307     102
CTRIAR  10100255     114101103061011031010110307     122
CTRIAR    100256     114  110310  110306  110309     102
CTRIAR  10100256     114101103101011030610110309     122
CTRIAR    100257     114  110279  110307  110282     102
CTRIAR  10100257     114101102791011030710110282     122
CTRIAR    100258     114  110304  110307  110279     102
CTRIAR  10100258     114101103041011030710110279     122
CTRIAR    100259     114  110303  110307  110304     102
CTRIAR  10100259     114101103031011030710110304     122
CTRIAR    100260     114  110303  110306  110307     102
CTRIAR  10100260     114101103031011030610110307     122
CTRIAR    100261     114  110312  110300  110299     102
CTRIAR  10100261     114101103121011030010110299     122
CTRIAR    100262     114  110312  110302  110303     102
CTRIAR  10100262     114101103121011030210110303     122
CTRIAR    100263     114  110304  110453  110303     102
CTRIAR  10100263     114101103041011045310110303     122
CTRIAR    100264     114  110304  110279  110289     102
CTRIAR  10100264     114101103041011027910110289     122
CTRIAR    100265     114  110289  110276  110301     102
CTRIAR  10100265     114101102891011027610110301     122
CTRIAR    100266     114  110304  110289  110453     102
CTRIAR  10100266     114101103041011028910110453     122
CTRIAR    100267     114  110453  110289  110301     102
CTRIAR  10100267     114101104531011028910110301     122
CTRIAR    100268     114  110300  110453  110301     102
CTRIAR  10100268     114101103001011045310110301     122
CTRIAR    100269     114  110312  110453  110300     102
CTRIAR  10100269     114101103121011045310110300     122
CTRIAR    100270     114  110453  110312  110303     102
CTRIAR  10100270     114101104531011031210110303     122
CTRIAR    100271     114  110298  110288  110273     102
CTRIAR  10100271     114101102981011028810110273     122
CTRIAR    100272     114  110297  110454  110298     102
CTRIAR  10100272     114101102971011045410110298     122
CTRIAR    100273     114  110297  110296  110311     102
CTRIAR  10100273     114101102971011029610110311     122
CTRIAR    100274     114  110311  110299  110300     102
CTRIAR  10100274     114101103111011029910110300     122
CTRIAR    100275     114  110297  110311  110454     102
CTRIAR  10100275     114101102971011031110110454     122
CTRIAR    100276     114  110454  110311  110300     102
CTRIAR  10100276     114101104541011031110110300     122
CTRIAR    100277     114  110301  110454  110300     102
CTRIAR  10100277     114101103011011045410110300     122
CTRIAR    100278     114  110301  110276  110288     102
CTRIAR  10100278     114101103011011027610110288     122
CTRIAR    100279     114  110298  110454  110288     102
CTRIAR  10100279     114101102981011045410110288     122
CTRIAR    100280     114  110288  110454  110301     102
CTRIAR  10100280     114101102881011045410110301     122
CTRIAR    100281     114  110296  110294  110293     102
CTRIAR  10100281     114101102961011029410110293     122
CTRIAR    100282     114  110297  110294  110296     102
CTRIAR  10100282     114101102971011029410110296     122
CTRIAR    100283     114  110298  110294  110297     102
CTRIAR  10100283     114101102981011029410110297     122
CTRIAR    100284     114  110298  110295  110294     102
CTRIAR  10100284     114101102981011029510110294     122
$CTRIAR    100285     114  110293  110291  110290     102
$CTRIAR  10100285     114101102931011029110110290     122
$CTRIAR    100286     114  110294  110291  110293     102
$CTRIAR  10100286     114101102941011029110110293     122
$CTRIAR    100287     114  110295  110291  110294     102
$CTRIAR  10100287     114101102951011029110110294     122
$CTRIAR    100288     114  110295  110292  110291     102
$CTRIAR  10100288     114101102951011029210110291     122
$CTRIAR    100289     114  110292   10079  110291     102
$CTRIAR  10100289     114101102921001007910110291     122
$CTRIAR    100290     114  110292   10078   10079     102
$CTRIAR  10100290     114101102921001007810010079     122
CTRIAR    100291     114   10023  110286   10022     102
CTRIAR  10100291     114100100231011028610010022     122
CTRIAR    100292     114   10023  110287  110286     102
CTRIAR  10100292     114100100231011028710110286     122
CTRIAR    100293     114  110282  110285  110286     102
CTRIAR  10100293     114101102821011028510110286     122
CTRIAR    100294     114  110282  110286  110283     102
CTRIAR  10100294     114101102821011028610110283     122
CTRIAR    100295     114  110259  110287  110262     102
CTRIAR  10100295     114101102591011028710110262     122
CTRIAR    100296     114  110284  110287  110259     102
CTRIAR  10100296     114101102841011028710110259     122
CTRIAR    100297     114  110283  110287  110284     102
CTRIAR  10100297     114101102831011028710110284     122
CTRIAR    100298     114  110287  110283  110286     102
CTRIAR  10100298     114101102871011028310110286     122
CTRIAR    100299     114  110256  110284  110259     102
CTRIAR  10100299     114101102561011028410110259     122
CTRIAR    100300     114  110281  110284  110256     102
CTRIAR  10100300     114101102811011028410110256     122
CTRIAR    100301     114  110280  110284  110281     102
CTRIAR  10100301     114101102801011028410110281     122
CTRIAR    100302     114  110280  110283  110284     102
CTRIAR  10100302     114101102801011028310110284     122
CTRIAR    100303     114  110289  110277  110276     102
CTRIAR  10100303     114101102891011027710110276     122
CTRIAR    100304     114  110289  110279  110280     102
CTRIAR  10100304     114101102891011027910110280     122
CTRIAR    100305     114  110281  110455  110280     102
CTRIAR  10100305     114101102811011045510110280     122
CTRIAR    100306     114  110281  110256  110266     102
CTRIAR  10100306     114101102811011025610110266     122
CTRIAR    100307     114  110266  110253  110278     102
CTRIAR  10100307     114101102661011025310110278     122
CTRIAR    100308     114  110281  110266  110455     102
CTRIAR  10100308     114101102811011026610110455     122
CTRIAR    100309     114  110455  110266  110278     102
CTRIAR  10100309     114101104551011026610110278     122
CTRIAR    100310     114  110277  110455  110278     102
CTRIAR  10100310     114101102771011045510110278     122
CTRIAR    100311     114  110289  110455  110277     102
CTRIAR  10100311     114101102891011045510110277     122
CTRIAR    100312     114  110455  110289  110280     102
CTRIAR  10100312     114101104551011028910110280     122
CTRIAR    100313     114  110277  110288  110276     102
CTRIAR  10100313     114101102771011028810110276     122
CTRIAR    100314     114  110278  110456  110277     102
CTRIAR  10100314     114101102781011045610110277     122
CTRIAR    100315     114  110278  110253  110265     102
CTRIAR  10100315     114101102781011025310110265     122
CTRIAR    100316     114  110265  110250  110275     102
CTRIAR  10100316     114101102651011025010110275     122
CTRIAR    100317     114  110278  110265  110456     102
CTRIAR  10100317     114101102781011026510110456     122
CTRIAR    100318     114  110456  110265  110275     102
CTRIAR  10100318     114101104561011026510110275     122
CTRIAR    100319     114  110274  110456  110275     102
CTRIAR  10100319     114101102741011045610110275     122
CTRIAR    100320     114  110274  110273  110288     102
CTRIAR  10100320     114101102741011027310110288     122
CTRIAR    100321     114  110277  110456  110288     102
CTRIAR  10100321     114101102771011045610110288     122
CTRIAR    100322     114  110288  110456  110274     102
CTRIAR  10100322     114101102881011045610110274     122
CTRIAR    100323     114  110273  110271  110270     102
CTRIAR  10100323     114101102731011027110110270     122
CTRIAR    100324     114  110274  110271  110273     102
CTRIAR  10100324     114101102741011027110110273     122
CTRIAR    100325     114  110275  110250  110247     102
CTRIAR  10100325     114101102751011025010110247     122
CTRIAR    100326     114  110272  110275  110247     102
CTRIAR  10100326     114101102721011027510110247     122
$CTRIAR    100327     114  110270  110268  110267     102
$CTRIAR  10100327     114101102701011026810110267     122
$CTRIAR    100328     114  110271  110268  110270     102
$CTRIAR  10100328     114101102711011026810110270     122
$CTRIAR    100329     114  110272  110247  110244     102
$CTRIAR  10100329     114101102721011024710110244     122
$CTRIAR    100330     114  110269  110272  110244     102
$CTRIAR  10100330     114101102691011027210110244     122
$CTRIAR    100331     114  110269  110244   10074     102
$CTRIAR  10100331     114101102691011024410010074     122
$CTRIAR    100332     114   10075  110269   10074     102
$CTRIAR  10100332     114100100751011026910010074     122
CTRIAR    100333     114   10026  110263   10025     102
CTRIAR  10100333     114100100261011026310010025     122
CTRIAR    100334     114   10026  110264  110263     102
CTRIAR  10100334     114100100261011026410110263     122
CTRIAR    100335     114  110264  110260  110263     102
CTRIAR  10100335     114101102641011026010110263     122
CTRIAR    100336     114  110264  110261  110260     102
CTRIAR  10100336     114101102641011026110110260     122
CTRIAR    100337     114  110236  110233  110258     102
CTRIAR  10100337     114101102361011023310110258     122
CTRIAR    100338     114  110236  110258  110261     102
CTRIAR  10100338     114101102361011025810110261     122
CTRIAR    100339     114  110261  110257  110260     102
CTRIAR  10100339     114101102611011025710110260     122
CTRIAR    100340     114  110257  110261  110258     102
CTRIAR  10100340     114101102571011026110110258     122
CTRIAR    100341     114  110266  110254  110253     102
CTRIAR  10100341     114101102661011025410110253     122
CTRIAR    100342     114  110266  110256  110257     102
CTRIAR  10100342     114101102661011025610110257     122
CTRIAR    100343     114  110258  110457  110257     102
CTRIAR  10100343     114101102581011045710110257     122
CTRIAR    100344     114  110258  110233  110243     102
CTRIAR  10100344     114101102581011023310110243     122
CTRIAR    100345     114  110243  110230  110255     102
CTRIAR  10100345     114101102431011023010110255     122
CTRIAR    100346     114  110258  110243  110457     102
CTRIAR  10100346     114101102581011024310110457     122
CTRIAR    100347     114  110457  110243  110255     102
CTRIAR  10100347     114101104571011024310110255     122
CTRIAR    100348     114  110254  110457  110255     102
CTRIAR  10100348     114101102541011045710110255     122
CTRIAR    100349     114  110266  110457  110254     102
CTRIAR  10100349     114101102661011045710110254     122
CTRIAR    100350     114  110457  110266  110257     102
CTRIAR  10100350     114101104571011026610110257     122
CTRIAR    100351     114  110254  110265  110253     102
CTRIAR  10100351     114101102541011026510110253     122
CTRIAR    100352     114  110255  110458  110254     102
CTRIAR  10100352     114101102551011045810110254     122
CTRIAR    100353     114  110255  110230  110242     102
CTRIAR  10100353     114101102551011023010110242     122
CTRIAR    100354     114  110242  110227  110252     102
CTRIAR  10100354     114101102421011022710110252     122
CTRIAR    100355     114  110255  110242  110458     102
CTRIAR  10100355     114101102551011024210110458     122
CTRIAR    100356     114  110458  110242  110252     102
CTRIAR  10100356     114101104581011024210110252     122
CTRIAR    100357     114  110251  110458  110252     102
CTRIAR  10100357     114101102511011045810110252     122
CTRIAR    100358     114  110251  110250  110265     102
CTRIAR  10100358     114101102511011025010110265     122
CTRIAR    100359     114  110254  110458  110265     102
CTRIAR  10100359     114101102541011045810110265     122
CTRIAR    100360     114  110265  110458  110251     102
CTRIAR  10100360     114101102651011045810110251     122
CTRIAR    100361     114  110247  110250  110251     102
CTRIAR  10100361     114101102471011025010110251     122
CTRIAR    100362     114  110251  110248  110247     102
CTRIAR  10100362     114101102511011024810110247     122
$CTRIAR    100363     114  110221  110249  110224     102
$CTRIAR  10100363     114101102211011024910110224     122
$CTRIAR    100364     114  110246  110249  110221     102
$CTRIAR  10100364     114101102461011024910110221     122
$CTRIAR    100365     114  110245  110249  110246     102
$CTRIAR  10100365     114101102451011024910110246     122
$CTRIAR    100366     114  110245  110248  110249     102
$CTRIAR  10100366     114101102451011024810110249     122
$CTRIAR    100367     114   10074  110244  110245     102
$CTRIAR  10100367     114100100741011024410110245     122
$CTRIAR    100368     114   10074  110245   10073     102
$CTRIAR  10100368     114100100741011024510010073     122
CTRIAR    100369     114   10030  110216  110241     102
CTRIAR  10100369     114100100301011021610110241     122
CTRIAR    100370     114  110241   10029   10030     102
CTRIAR  10100370     114101102411001002910010030     122
CTRIAR    100371     114  110216  110213  110238     102
CTRIAR  10100371     114101102161011021310110238     122
CTRIAR    100372     114  110238  110241  110216     102
CTRIAR  10100372     114101102381011024110110216     122
CTRIAR    100373     114  110213  110210  110235     102
CTRIAR  10100373     114101102131011021010110235     122
CTRIAR    100374     114  110235  110238  110213     102
CTRIAR  10100374     114101102351011023810110213     122
CTRIAR    100375     114  110243  110231  110230     102
CTRIAR  10100375     114101102431011023110110230     122
CTRIAR    100376     114  110243  110233  110234     102
CTRIAR  10100376     114101102431011023310110234     122
CTRIAR    100377     114  110235  110459  110234     102
CTRIAR  10100377     114101102351011045910110234     122
CTRIAR    100378     114  110235  110210  110220     102
CTRIAR  10100378     114101102351011021010110220     122
CTRIAR    100379     114  110220  110207  110232     102
CTRIAR  10100379     114101102201011020710110232     122
CTRIAR    100380     114  110235  110220  110459     102
CTRIAR  10100380     114101102351011022010110459     122
CTRIAR    100381     114  110459  110220  110232     102
CTRIAR  10100381     114101104591011022010110232     122
CTRIAR    100382     114  110231  110459  110232     102
CTRIAR  10100382     114101102311011045910110232     122
CTRIAR    100383     114  110243  110459  110231     102
CTRIAR  10100383     114101102431011045910110231     122
CTRIAR    100384     114  110459  110243  110234     102
CTRIAR  10100384     114101104591011024310110234     122
CTRIAR    100385     114  110231  110242  110230     102
CTRIAR  10100385     114101102311011024210110230     122
CTRIAR    100386     114  110232  110460  110231     102
CTRIAR  10100386     114101102321011046010110231     122
CTRIAR    100387     114  110232  110207  110219     102
CTRIAR  10100387     114101102321011020710110219     122
CTRIAR    100388     114  110219  110204  110229     102
CTRIAR  10100388     114101102191011020410110229     122
CTRIAR    100389     114  110232  110219  110460     102
CTRIAR  10100389     114101102321011021910110460     122
CTRIAR    100390     114  110460  110219  110229     102
CTRIAR  10100390     114101104601011021910110229     122
CTRIAR    100391     114  110228  110460  110229     102
CTRIAR  10100391     114101102281011046010110229     122
CTRIAR    100392     114  110228  110227  110242     102
CTRIAR  10100392     114101102281011022710110242     122
CTRIAR    100393     114  110231  110460  110242     102
CTRIAR  10100393     114101102311011046010110242     122
CTRIAR    100394     114  110242  110460  110228     102
CTRIAR  10100394     114101102421011046010110228     122
CTRIAR    100395     114  110224  110227  110228     102
CTRIAR  10100395     114101102241011022710110228     122
CTRIAR    100396     114  110228  110225  110224     102
CTRIAR  10100396     114101102281011022510110224     122
$CTRIAR    100397     114  110198  110226  110201     102
$CTRIAR  10100397     114101101981011022610110201     122
$CTRIAR    100398     114  110223  110226  110198     102
$CTRIAR  10100398     114101102231011022610110198     122
$CTRIAR    100399     114  110222  110226  110223     102
$CTRIAR  10100399     114101102221011022610110223     122
$CTRIAR    100400     114  110222  110225  110226     102
$CTRIAR  10100400     114101102221011022510110226     122
$CTRIAR    100401     114   10071  110221  110222     102
$CTRIAR  10100401     114100100711011022110110222     122
$CTRIAR    100402     114   10071  110222   10070     102
$CTRIAR  10100402     114100100711011022210010070     122
CTRIAR    100403     114  110216   10030   10031     102
CTRIAR  10100403     114101102161001003010010031     122
CTRIAR    100404     114  110216   10031  110217     102
CTRIAR  10100404     114101102161001003110110217     122
CTRIAR    100405     114   10033  110193  110218     102
CTRIAR  10100405     114100100331011019310110218     122
CTRIAR    100406     114  110218   10032   10033     102
CTRIAR  10100406     114101102181001003210010033     122
CTRIAR    100407     114  110193  110190  110215     102
CTRIAR  10100407     114101101931011019010110215     122
CTRIAR    100408     114  110215  110218  110193     102
CTRIAR  10100408     114101102151011021810110193     122
CTRIAR    100409     114  110190  110187  110212     102
CTRIAR  10100409     114101101901011018710110212     122
CTRIAR    100410     114  110212  110215  110190     102
CTRIAR  10100410     114101102121011021510110190     122
CTRIAR    100411     114  110220  110208  110207     102
CTRIAR  10100411     114101102201011020810110207     122
CTRIAR    100412     114  110220  110210  110211     102
CTRIAR  10100412     114101102201011021010110211     122
CTRIAR    100413     114  110212  110461  110211     102
CTRIAR  10100413     114101102121011046110110211     122
CTRIAR    100414     114  110212  110187  110197     102
CTRIAR  10100414     114101102121011018710110197     122
CTRIAR    100415     114  110197  110184  110209     102
CTRIAR  10100415     114101101971011018410110209     122
CTRIAR    100416     114  110212  110197  110461     102
CTRIAR  10100416     114101102121011019710110461     122
CTRIAR    100417     114  110461  110197  110209     102
CTRIAR  10100417     114101104611011019710110209     122
CTRIAR    100418     114  110208  110461  110209     102
CTRIAR  10100418     114101102081011046110110209     122
CTRIAR    100419     114  110220  110461  110208     102
CTRIAR  10100419     114101102201011046110110208     122
CTRIAR    100420     114  110461  110220  110211     102
CTRIAR  10100420     114101104611011022010110211     122
CTRIAR    100421     114  110208  110219  110207     102
CTRIAR  10100421     114101102081011021910110207     122
CTRIAR    100422     114  110209  110462  110208     102
CTRIAR  10100422     114101102091011046210110208     122
CTRIAR    100423     114  110209  110184  110196     102
CTRIAR  10100423     114101102091011018410110196     122
CTRIAR    100424     114  110196  110181  110206     102
CTRIAR  10100424     114101101961011018110110206     122
CTRIAR    100425     114  110209  110196  110462     102
CTRIAR  10100425     114101102091011019610110462     122
CTRIAR    100426     114  110462  110196  110206     102
CTRIAR  10100426     114101104621011019610110206     122
CTRIAR    100427     114  110205  110462  110206     102
CTRIAR  10100427     114101102051011046210110206     122
CTRIAR    100428     114  110205  110204  110219     102
CTRIAR  10100428     114101102051011020410110219     122
CTRIAR    100429     114  110208  110462  110219     102
CTRIAR  10100429     114101102081011046210110219     122
CTRIAR    100430     114  110219  110462  110205     102
CTRIAR  10100430     114101102191011046210110205     122
CTRIAR    100431     114  110201  110204  110205     102
CTRIAR  10100431     114101102011011020410110205     122
CTRIAR    100432     114  110205  110202  110201     102
CTRIAR  10100432     114101102051011020210110201     122
$CTRIAR    100433     114  110198  110201  110202     102
$CTRIAR  10100433     114101101981011020110110202     122
$CTRIAR    100434     114  110198  110202  110199     102
$CTRIAR  10100434     114101101981011020210110199     122
$CTRIAR    100435     114   10068  110198  110199     102
$CTRIAR  10100435     114100100681011019810110199     122
$CTRIAR    100436     114   10068  110199   10067     102
$CTRIAR  10100436     114100100681011019910010067     122
CTRIAR    100437     114  110193   10033   10034     102
CTRIAR  10100437     114101101931001003310010034     122
CTRIAR    100438     114  110193   10034  110194     102
CTRIAR  10100438     114101101931001003410110194     122
CTRIAR    100439     114   10036  110170  110195     102
CTRIAR  10100439     114100100361011017010110195     122
CTRIAR    100440     114  110195   10035   10036     102
CTRIAR  10100440     114101101951001003510010036     122
CTRIAR    100441     114  110170  110167  110192     102
CTRIAR  10100441     114101101701011016710110192     122
CTRIAR    100442     114  110192  110195  110170     102
CTRIAR  10100442     114101101921011019510110170     122
CTRIAR    100443     114  110167  110164  110189     102
CTRIAR  10100443     114101101671011016410110189     122
CTRIAR    100444     114  110189  110192  110167     102
CTRIAR  10100444     114101101891011019210110167     122
CTRIAR    100445     114  110197  110185  110184     102
CTRIAR  10100445     114101101971011018510110184     122
CTRIAR    100446     114  110197  110187  110188     102
CTRIAR  10100446     114101101971011018710110188     122
CTRIAR    100447     114  110189  110463  110188     102
CTRIAR  10100447     114101101891011046310110188     122
CTRIAR    100448     114  110189  110164  110174     102
CTRIAR  10100448     114101101891011016410110174     122
CTRIAR    100449     114  110174  110161  110186     102
CTRIAR  10100449     114101101741011016110110186     122
CTRIAR    100450     114  110189  110174  110463     102
CTRIAR  10100450     114101101891011017410110463     122
CTRIAR    100451     114  110463  110174  110186     102
CTRIAR  10100451     114101104631011017410110186     122
CTRIAR    100452     114  110185  110463  110186     102
CTRIAR  10100452     114101101851011046310110186     122
CTRIAR    100453     114  110197  110463  110185     102
CTRIAR  10100453     114101101971011046310110185     122
CTRIAR    100454     114  110463  110197  110188     102
CTRIAR  10100454     114101104631011019710110188     122
CTRIAR    100455     114  110183  110173  110158     102
CTRIAR  10100455     114101101831011017310110158     122
CTRIAR    100456     114  110182  110464  110183     102
CTRIAR  10100456     114101101821011046410110183     122
CTRIAR    100457     114  110182  110181  110196     102
CTRIAR  10100457     114101101821011018110110196     122
CTRIAR    100458     114  110196  110184  110185     102
CTRIAR  10100458     114101101961011018410110185     122
CTRIAR    100459     114  110182  110196  110464     102
CTRIAR  10100459     114101101821011019610110464     122
CTRIAR    100460     114  110464  110196  110185     102
CTRIAR  10100460     114101104641011019610110185     122
CTRIAR    100461     114  110186  110464  110185     102
CTRIAR  10100461     114101101861011046410110185     122
CTRIAR    100462     114  110186  110161  110173     102
CTRIAR  10100462     114101101861011016110110173     122
CTRIAR    100463     114  110183  110464  110173     102
CTRIAR  10100463     114101101831011046410110173     122
CTRIAR    100464     114  110173  110464  110186     102
CTRIAR  10100464     114101101731011046410110186     122
CTRIAR    100465     114  110178  110181  110182     102
CTRIAR  10100465     114101101781011018110110182     122
CTRIAR    100466     114  110182  110179  110178     102
CTRIAR  10100466     114101101821011017910110178     122
$CTRIAR    100467     114  110175  110178  110179     102
$CTRIAR  10100467     114101101751011017810110179     122
$CTRIAR    100468     114  110175  110179  110176     102
$CTRIAR  10100468     114101101751011017910110176     122
$CTRIAR    100469     114   10065  110175  110176     102
$CTRIAR  10100469     114100100651011017510110176     122
$CTRIAR    100470     114   10065  110176   10064     102
$CTRIAR  10100470     114100100651011017610010064     122
$CTRIAR    100471     114  110152   10062   10063     102
$CTRIAR  10100471     114101101521001006210010063     122
$CTRIAR    100472     114   10063  110177  110152     102
$CTRIAR  10100472     114100100631011017710110152     122
CTRIAR    100473     114  110170   10036   10037     102
CTRIAR  10100473     114101101701001003610010037     122
CTRIAR    100474     114  110170   10037  110171     102
CTRIAR  10100474     114101101701001003710110171     122
CTRIAR    100475     114   10039  110147  110172     102
CTRIAR  10100475     114100100391011014710110172     122
CTRIAR    100476     114  110172   10038   10039     102
CTRIAR  10100476     114101101721001003810010039     122
CTRIAR    100477     114  110147  110142  110169     102
CTRIAR  10100477     114101101471011014210110169     122
CTRIAR    100478     114  110169  110172  110147     102
CTRIAR  10100478     114101101691011017210110147     122
CTRIAR    100479     114  110142  110137  110166     102
CTRIAR  10100479     114101101421011013710110166     122
CTRIAR    100480     114  110166  110169  110142     102
CTRIAR  10100480     114101101661011016910110142     122
CTRIAR    100481     114  110174  110162  110161     102
CTRIAR  10100481     114101101741011016210110161     122
CTRIAR    100482     114  110174  110164  110165     102
CTRIAR  10100482     114101101741011016410110165     122
CTRIAR    100483     114  110166  110465  110165     102
CTRIAR  10100483     114101101661011046510110165     122
CTRIAR    100484     114  110166  110137  110151     102
CTRIAR  10100484     114101101661011013710110151     122
CTRIAR    100485     114  110151  110132  110163     102
CTRIAR  10100485     114101101511011013210110163     122
CTRIAR    100486     114  110166  110151  110465     102
CTRIAR  10100486     114101101661011015110110465     122
CTRIAR    100487     114  110465  110151  110163     102
CTRIAR  10100487     114101104651011015110110163     122
CTRIAR    100488     114  110162  110465  110163     102
CTRIAR  10100488     114101101621011046510110163     122
CTRIAR    100489     114  110174  110465  110162     102
CTRIAR  10100489     114101101741011046510110162     122
CTRIAR    100490     114  110465  110174  110165     102
CTRIAR  10100490     114101104651011017410110165     122
CTRIAR    100491     114  110162  110173  110161     102
CTRIAR  10100491     114101101621011017310110161     122
CTRIAR    100492     114  110163  110466  110162     102
CTRIAR  10100492     114101101631011046610110162     122
CTRIAR    100493     114  110163  110132  110150     102
CTRIAR  10100493     114101101631011013210110150     122
CTRIAR    100494     114  110150  110128  110160     102
CTRIAR  10100494     114101101501011012810110160     122
CTRIAR    100495     114  110163  110150  110466     102
CTRIAR  10100495     114101101631011015010110466     122
CTRIAR    100496     114  110466  110150  110160     102
CTRIAR  10100496     114101104661011015010110160     122
CTRIAR    100497     114  110159  110466  110160     102
CTRIAR  10100497     114101101591011046610110160     122
CTRIAR    100498     114  110159  110158  110173     102
CTRIAR  10100498     114101101591011015810110173     122
CTRIAR    100499     114  110162  110466  110173     102
CTRIAR  10100499     114101101621011046610110173     122
CTRIAR    100500     114  110173  110466  110159     102
CTRIAR  10100500     114101101731011046610110159     122
CTRIAR    100501     114  110155  110158  110159     102
CTRIAR  10100501     114101101551011015810110159     122
CTRIAR    100502     114  110155  110159  110156     102
CTRIAR  10100502     114101101551011015910110156     122
$CTRIAR    100503     114  110152  110155  110156     102
$CTRIAR  10100503     114101101521011015510110156     122
$CTRIAR    100504     114  110152  110156  110153     102
$CTRIAR  10100504     114101101521011015610110153     122
$CTRIAR    100505     114  110125  110122  110154     102
$CTRIAR  10100505     114101101251011012210110154     122
$CTRIAR    100506     114  110154  110157  110125     102
$CTRIAR  10100506     114101101541011015710110125     122
$CTRIAR    100507     114   10062  110152  110153     102
$CTRIAR  10100507     114100100621011015210110153     122
$CTRIAR    100508     114   10062  110153   10061     102
$CTRIAR  10100508     114100100621011015310010061     122
$CTRIAR    100509     114  110122   10059   10060     102
$CTRIAR  10100509     114101101221001005910010060     122
$CTRIAR    100510     114   10060  110154  110122     102
$CTRIAR  10100510     114100100601011015410110122     122
CTRIAR    100511     114  110147   10039   10040     102
CTRIAR  10100511     114101101471001003910010040     122
CTRIAR    100512     114  110147   10040  110148     102
CTRIAR  10100512     114101101471001004010110148     122
CTRIAR    100513     114   10042  110121  110149     102
CTRIAR  10100513     114100100421011012110110149     122
CTRIAR    100514     114  110149   10041   10042     102
CTRIAR  10100514     114101101491001004110010042     122
CTRIAR    100515     114  110142  110147  110148     102
CTRIAR  10100515     114101101421011014710110148     122
CTRIAR    100516     114  110142  110148  110143     102
CTRIAR  10100516     114101101421011014810110143     122
CTRIAR    100517     114  110121  110120  110144     102
CTRIAR  10100517     114101101211011012010110144     122
CTRIAR    100518     114  110144  110149  110121     102
CTRIAR  10100518     114101101441011014910110121     122
CTRIAR    100519     114  110120  110112  110139     102
CTRIAR  10100519     114101101201011011210110139     122
CTRIAR    100520     114  110139  110144  110120     102
CTRIAR  10100520     114101101391011014410110120     122
CTRIAR    100521     114  110151  110133  110132     102
CTRIAR  10100521     114101101511011013310110132     122
CTRIAR    100522     114  110151  110137  110138     102
CTRIAR  10100522     114101101511011013710110138     122
CTRIAR    100523     114  110139  110467  110138     102
CTRIAR  10100523     114101101391011046710110138     122
CTRIAR    100524     114  110139  110112  110119     102
CTRIAR  10100524     114101101391011011210110119     122
CTRIAR    100525     114  110119  110117  110134     102
CTRIAR  10100525     114101101191011011710110134     122
CTRIAR    100526     114  110139  110119  110467     102
CTRIAR  10100526     114101101391011011910110467     122
CTRIAR    100527     114  110467  110119  110134     102
CTRIAR  10100527     114101104671011011910110134     122
CTRIAR    100528     114  110133  110467  110134     102
CTRIAR  10100528     114101101331011046710110134     122
CTRIAR    100529     114  110151  110467  110133     102
CTRIAR  10100529     114101101511011046710110133     122
CTRIAR    100530     114  110467  110151  110138     102
CTRIAR  10100530     114101104671011015110110138     122
CTRIAR    100531     114  110133  110150  110132     102
CTRIAR  10100531     114101101331011015010110132     122
CTRIAR    100532     114  110134  110468  110133     102
CTRIAR  10100532     114101101341011046810110133     122
CTRIAR    100533     114  110134  110117  110118     102
CTRIAR  10100533     114101101341011011710110118     122
CTRIAR    100534     114  110118  110109  110130     102
CTRIAR  10100534     114101101181011010910110130     122
CTRIAR    100535     114  110134  110118  110468     102
CTRIAR  10100535     114101101341011011810110468     122
CTRIAR    100536     114  110468  110118  110130     102
CTRIAR  10100536     114101104681011011810110130     122
CTRIAR    100537     114  110129  110468  110130     102
CTRIAR  10100537     114101101291011046810110130     122
CTRIAR    100538     114  110129  110128  110150     102
CTRIAR  10100538     114101101291011012810110150     122
CTRIAR    100539     114  110133  110468  110150     102
CTRIAR  10100539     114101101331011046810110150     122
CTRIAR    100540     114  110150  110468  110129     102
CTRIAR  10100540     114101101501011046810110129     122
CTRIAR    100541     114  110125  110128  110129     102
CTRIAR  10100541     114101101251011012810110129     122
CTRIAR    100542     114  110125  110129  110126     102
CTRIAR  10100542     114101101251011012910110126     122
CTRIAR    100543     114  110109  110116  110127     102
CTRIAR  10100543     114101101091011011610110127     122
CTRIAR    100544     114  110127  110130  110109     102
CTRIAR  10100544     114101101271011013010110109     122
$CTRIAR    100545     114  110122  110125  110126     102
$CTRIAR  10100545     114101101221011012510110126     122
$CTRIAR    100546     114  110122  110126  110123     102
$CTRIAR  10100546     114101101221011012610110123     122
$CTRIAR    100547     114  110116  110115  110124     102
$CTRIAR  10100547     114101101161011011510110124     122
$CTRIAR    100548     114  110124  110127  110116     102
$CTRIAR  10100548     114101101241011012710110116     122
$CTRIAR    100549     114   10059  110122  110123     102
$CTRIAR  10100549     114100100591011012210110123     122
$CTRIAR    100550     114   10059  110123   10058     102
$CTRIAR  10100550     114100100591011012310010058     122
$CTRIAR    100551     114  110115   10056   10057     102
$CTRIAR  10100551     114101101151001005610010057     122
$CTRIAR    100552     114   10057  110124  110115     102
$CTRIAR  10100552     114100100571011012410110115     122
CTRIAR    100553     114  110135  110113  110112     102
CTRIAR  10100553     114101101351011011310110112     122
CTRIAR    100554     114  110136  110469  110135     102
CTRIAR  10100554     114101101361011046910110135     122
CTRIAR    100555     114  110136  110048  110049     102
CTRIAR  10100555     114101101361011004810110049     122
CTRIAR    100556     114  110049  110050  110114     102
CTRIAR  10100556     114101100491011005010110114     122
CTRIAR    100557     114  110136  110049  110469     102
CTRIAR  10100557     114101101361011004910110469     122
CTRIAR    100558     114  110469  110049  110114     102
CTRIAR  10100558     114101104691011004910110114     122
CTRIAR    100559     114  110113  110469  110114     102
CTRIAR  10100559     114101101131011046910110114     122
CTRIAR    100560     114  110469  110113  110135     102
CTRIAR  10100560     114101104691011011310110135     122
CTRIAR    100561     114  110048  110141  110047     102
CTRIAR  10100561     114101100481011014110110047     122
CTRIAR    100562     114  110136  110141  110048     102
CTRIAR  10100562     114101101361011014110110048     122
CTRIAR    100563     114  110135  110112  110120     102
CTRIAR  10100563     114101101351011011210110120     122
CTRIAR    100564     114  110140  110135  110120     102
CTRIAR  10100564     114101101401011013510110120     122
CTRIAR    100565     114  110141  110136  110140     102
CTRIAR  10100565     114101101411011013610110140     122
CTRIAR    100566     114  110140  110136  110135     102
CTRIAR  10100566     114101101401011013610110135     122
CTRIAR    100567     114  110047  110146  110046     102
CTRIAR  10100567     114101100471011014610110046     122
CTRIAR    100568     114  110141  110146  110047     102
CTRIAR  10100568     114101101411011014610110047     122
CTRIAR    100569     114  110140  110470  110141     102
CTRIAR  10100569     114101101401011047010110141     122
CTRIAR    100570     114  110140  110120  110121     102
CTRIAR  10100570     114101101401011012010110121     122
CTRIAR    100571     114  110145  110140  110121     102
CTRIAR  10100571     114101101451011014010110121     122
CTRIAR    100572     114  110146  110141  110470     102
CTRIAR  10100572     114101101461011014110110470     122
CTRIAR    100573     114  110140  110145  110470     102
CTRIAR  10100573     114101101401011014510110470     122
CTRIAR    100574     114  110470  110145  110146     102
CTRIAR  10100574     114101104701011014510110146     122
CTRIAR    100575     114  110046   10044   10002     102
CTRIAR  10100575     114101100461001004410010002     122
CTRIAR    100576     114  110146   10044  110046     102
CTRIAR  10100576     114101101461001004410110046     122
CTRIAR    100577     114  110145  110121   10042     102
CTRIAR  10100577     114101101451011012110010042     122
CTRIAR    100578     114   10043  110145   10042     102
CTRIAR  10100578     114100100431011014510010042     122
CTRIAR    100579     114   10044  110146   10043     102
CTRIAR  10100579     114100100441011014610010043     122
CTRIAR    100580     114   10043  110146  110145     102
CTRIAR  10100580     114100100431011014610110145     122
CTRIAR    100581     114  110118  110110  110109     102
CTRIAR  10100581     114101101181011011010110109     122
CTRIAR    100582     114  110118  110117  110131     102
CTRIAR  10100582     114101101181011011710110131     122
CTRIAR    100583     114  110131  110050  110111     102
CTRIAR  10100583     114101101311011005010110111     122
CTRIAR    100584     114  110110  110118  110111     102
CTRIAR  10100584     114101101101011011810110111     122
CTRIAR    100585     114  110111  110118  110131     102
CTRIAR  10100585     114101101111011011810110131     122
CTRIAR    100586     114  110113  110119  110112     102
CTRIAR  10100586     114101101131011011910110112     122
CTRIAR    100587     114  110114  110050  110131     102
CTRIAR  10100587     114101101141011005010110131     122
CTRIAR    100588     114   10056  110115   10045     102
CTRIAR  10100588     114100100561011011510010045     122
CTRIAR    100589     114   10045  110115  110054     102
CTRIAR  10100589     114100100451011011510110054     122
CTRIAR    100590     114  110054  110116  110053     102
CTRIAR  10100590     114101100541011011610110053     122
CTRIAR    100591     114  110116  110054  110115     102
CTRIAR  10100591     114101101161011005410110115     122
CTRIAR    100592     114  110053  110109  110052     102
CTRIAR  10100592     114101100531011010910110052     122
CTRIAR    100593     114  110109  110053  110116     102
CTRIAR  10100593     114101101091011005310110116     122
CTRIAR    100594     114  110051  110111  110050     102
CTRIAR  10100594     114101100511011011110110050     122
CTRIAR    100595     114  110111  110051  110110     102
CTRIAR  10100595     114101101111011005110110110     122
CTRIAR    100596     114  110110  110052  110109     102
CTRIAR  10100596     114101101101011005210110109     122
CTRIAR    100597     114  110052  110110  110051     102
CTRIAR  10100597     114101100521011011010110051     122
CTRIAR    100598     114  110408  110431  110411     102
CTRIAR  10100598     114101104081011043110110411     122
CTRIAR    100599     114  110433  110411  110431     102
CTRIAR  10100599     114101104331011041110110431     122
$CTRIAR    100600     114  110405  110429  110408     102
$CTRIAR  10100600     114101104051011042910110408     122
$CTRIAR    100601     114  110431  110408  110429     102
$CTRIAR  10100601     114101104311011040810110429     122
$CTRIAR    100602     114  110428  110429   10097     102
$CTRIAR  10100602     114101104281011042910010097     122
$CTRIAR    100603     114   10096   10097  110429     102
$CTRIAR  10100603     114100100961001009710110429     122
CTRIAR    100604     114  110434  110438  110414     102
CTRIAR  10100604     114101104341011043810110414     122
CTRIAR    100605     114  110427  110414  110438     102
CTRIAR  10100605     114101104271011041410110438     122
$CTRIAR    100606     114  110400  110425   10006     102
$CTRIAR  10100606     114101104001011042510010006     122
$CTRIAR    100607     114   10005   10006  110425     102
$CTRIAR  10100607     114100100051001000610110425     122
$CTRIAR    100608     114  110397  110422  110400     102
$CTRIAR  10100608     114101103971011042210110400     122
$CTRIAR    100609     114  110425  110400  110422     102
$CTRIAR  10100609     114101104251011040010110422     122
CTRIAR    100610     114  110426  110441  110411     102
CTRIAR  10100610     114101104261011044110110411     122
CTRIAR    100611     114  110412  110411  110441     102
CTRIAR  10100611     114101104121011041110110441     122
CTRIAR    100612     114  110385  110410  110388     102
CTRIAR  10100612     114101103851011041010110388     122
CTRIAR    100613     114  110413  110388  110410     102
CTRIAR  10100613     114101104131011038810110410     122
$CTRIAR    100614     114  110409  110406  110408     102
$CTRIAR  10100614     114101104091011040610110408     122
$CTRIAR    100615     114  110405  110408  110406     102
$CTRIAR  10100615     114101104051011040810110406     122
$CTRIAR    100616     114  110407  110406  110410     102
$CTRIAR  10100616     114101104071011040610110410     122
$CTRIAR    100617     114  110409  110410  110406     102
$CTRIAR  10100617     114101104091011041010110406     122
$CTRIAR    100618     114   10093   10094  110407     102
$CTRIAR  10100618     114100100931001009410110407     122
$CTRIAR    100619     114  110406  110407   10094     102
$CTRIAR  10100619     114101104061011040710010094     122
$CTRIAR    100620     114   10006   10007  110400     102
$CTRIAR  10100620     114100100061001000710110400     122
$CTRIAR    100621     114  110401  110400   10007     102
$CTRIAR  10100621     114101104011011040010010007     122
$CTRIAR    100622     114  110377  110402   10009     102
$CTRIAR  10100622     114101103771011040210010009     122
$CTRIAR    100623     114   10008   10009  110402     102
$CTRIAR  10100623     114100100081001000910110402     122
$CTRIAR    100624     114  110374  110399  110377     102
$CTRIAR  10100624     114101103741011039910110377     122
$CTRIAR    100625     114  110402  110377  110399     102
$CTRIAR  10100625     114101104021011037710110399     122
CTRIAR    100626     114  110403  110444  110388     102
CTRIAR  10100626     114101104031011044410110388     122
CTRIAR    100627     114  110389  110388  110444     102
CTRIAR  10100627     114101103891011038810110444     122
CTRIAR    100628     114  110362  110387  110365     102
CTRIAR  10100628     114101103621011038710110365     122
CTRIAR    100629     114  110390  110365  110387     102
CTRIAR  10100629     114101103901011036510110387     122
$CTRIAR    100630     114  110386  110383  110385     102
$CTRIAR  10100630     114101103861011038310110385     122
$CTRIAR    100631     114  110382  110385  110383     102
$CTRIAR  10100631     114101103821011038510110383     122
$CTRIAR    100632     114  110384  110383  110387     102
$CTRIAR  10100632     114101103841011038310110387     122
$CTRIAR    100633     114  110386  110387  110383     102
$CTRIAR  10100633     114101103861011038710110383     122
$CTRIAR    100634     114   10090   10091  110384     102
$CTRIAR  10100634     114100100901001009110110384     122
$CTRIAR    100635     114  110383  110384   10091     102
$CTRIAR  10100635     114101103831011038410010091     122
$CTRIAR    100636     114   10009   10010  110377     102
$CTRIAR  10100636     114100100091001001010110377     122
$CTRIAR    100637     114  110378  110377   10010     102
$CTRIAR  10100637     114101103781011037710010010     122
$CTRIAR    100638     114  110354  110379   10012     102
$CTRIAR  10100638     114101103541011037910010012     122
$CTRIAR    100639     114   10011   10012  110379     102
$CTRIAR  10100639     114100100111001001210110379     122
$CTRIAR    100640     114  110351  110376  110354     102
$CTRIAR  10100640     114101103511011037610110354     122
$CTRIAR    100641     114  110379  110354  110376     102
$CTRIAR  10100641     114101103791011035410110376     122
CTRIAR    100642     114  110374  110375  110371     102
CTRIAR  10100642     114101103741011037510110371     122
CTRIAR    100643     114  110372  110371  110375     102
CTRIAR  10100643     114101103721011037110110375     122
CTRIAR    100644     114  110380  110447  110365     102
CTRIAR  10100644     114101103801011044710110365     122
CTRIAR    100645     114  110366  110365  110447     102
CTRIAR  10100645     114101103661011036510110447     122
CTRIAR    100646     114  110339  110364  110342     102
CTRIAR  10100646     114101103391011036410110342     122
CTRIAR    100647     114  110367  110342  110364     102
CTRIAR  10100647     114101103671011034210110364     122
$CTRIAR    100648     114  110363  110360  110362     102
$CTRIAR  10100648     114101103631011036010110362     122
$CTRIAR    100649     114  110359  110362  110360     102
$CTRIAR  10100649     114101103591011036210110360     122
$CTRIAR    100650     114  110361  110360  110364     102
$CTRIAR  10100650     114101103611011036010110364     122
$CTRIAR    100651     114  110363  110364  110360     102
$CTRIAR  10100651     114101103631011036410110360     122
$CTRIAR    100652     114   10087   10088  110361     102
$CTRIAR  10100652     114100100871001008810110361     122
$CTRIAR    100653     114  110360  110361   10088     102
$CTRIAR  10100653     114101103601011036110010088     122
$CTRIAR    100654     114   10012   10013  110354     102
$CTRIAR  10100654     114100100121001001310110354     122
$CTRIAR    100655     114  110355  110354   10013     102
$CTRIAR  10100655     114101103551011035410010013     122
$CTRIAR    100656     114  110331  110356   10015     102
$CTRIAR  10100656     114101103311011035610010015     122
$CTRIAR    100657     114   10014   10015  110356     102
$CTRIAR  10100657     114100100141001001510110356     122
CTRIAR    100658     114  110351  110352  110348     102
CTRIAR  10100658     114101103511011035210110348     122
CTRIAR    100659     114  110349  110348  110352     102
CTRIAR  10100659     114101103491011034810110352     122
CTRIAR    100660     114  110357  110450  110342     102
CTRIAR  10100660     114101103571011045010110342     122
CTRIAR    100661     114  110343  110342  110450     102
CTRIAR  10100661     114101103431011034210110450     122
CTRIAR    100662     114  110316  110341  110319     102
CTRIAR  10100662     114101103161011034110110319     122
CTRIAR    100663     114  110344  110319  110341     102
CTRIAR  10100663     114101103441011031910110341     122
$CTRIAR    100664     114  110340  110341  110337     102
$CTRIAR  10100664     114101103401011034110110337     122
$CTRIAR    100665     114  110338  110337  110341     102
$CTRIAR  10100665     114101103381011033710110341     122
$CTRIAR    100666     114   10084   10085  110338     102
$CTRIAR  10100666     114100100841001008510110338     122
$CTRIAR    100667     114  110337  110338   10085     102
$CTRIAR  10100667     114101103371011033810010085     122
CTRIAR    100668     114   10015   10016  110331     102
CTRIAR  10100668     114100100151001001610110331     122
CTRIAR    100669     114  110332  110331   10016     102
CTRIAR  10100669     114101103321011033110010016     122
CTRIAR    100670     114  110308  110333   10018     102
CTRIAR  10100670     114101103081011033310010018     122
CTRIAR    100671     114   10017   10018  110333     102
CTRIAR  10100671     114100100171001001810110333     122
CTRIAR    100672     114  110305  110330  110308     102
CTRIAR  10100672     114101103051011033010110308     122
CTRIAR    100673     114  110333  110308  110330     102
CTRIAR  10100673     114101103331011030810110330     122
CTRIAR    100674     114  110328  110329  110325     102
CTRIAR  10100674     114101103281011032910110325     122
CTRIAR    100675     114  110326  110325  110329     102
CTRIAR  10100675     114101103261011032510110329     122
CTRIAR    100676     114  110293  110318  110296     102
CTRIAR  10100676     114101102931011031810110296     122
CTRIAR    100677     114  110321  110296  110318     102
CTRIAR  10100677     114101103211011029610110318     122
$CTRIAR    100678     114  110290  110315  110293     102
$CTRIAR  10100678     114101102901011031510110293     122
$CTRIAR    100679     114  110318  110293  110315     102
$CTRIAR  10100679     114101103181011029310110315     122
$CTRIAR    100680     114  110313  110314   10083     102
$CTRIAR  10100680     114101103131011031410010083     122
$CTRIAR    100681     114   10082   10083  110314     102
$CTRIAR  10100681     114100100821001008310110314     122
$CTRIAR    100682     114   10080   10081  110290     102
$CTRIAR  10100682     114100100801001008110110290     122
$CTRIAR    100683     114  110315  110290   10081     102
$CTRIAR  10100683     114101103151011029010010081     122
CTRIAR    100684     114   10018   10019  110308     102
CTRIAR  10100684     114100100181001001910110308     122
CTRIAR    100685     114  110309  110308   10019     102
CTRIAR  10100685     114101103091011030810010019     122
CTRIAR    100686     114  110285  110310   10021     102
CTRIAR  10100686     114101102851011031010010021     122
CTRIAR    100687     114   10020   10021  110310     102
CTRIAR  10100687     114100100201001002110110310     122
CTRIAR    100688     114  110305  110306  110302     102
CTRIAR  10100688     114101103051011030610110302     122
CTRIAR    100689     114  110303  110302  110306     102
CTRIAR  10100689     114101103031011030210110306     122
CTRIAR    100690     114  110270  110295  110273     102
CTRIAR  10100690     114101102701011029510110273     122
CTRIAR    100691     114  110298  110273  110295     102
CTRIAR  10100691     114101102981011027310110295     122
$CTRIAR    100692     114  110267  110292  110270     102
$CTRIAR  10100692     114101102671011029210110270     122
$CTRIAR    100693     114  110295  110270  110292     102
$CTRIAR  10100693     114101102951011027010110292     122
$CTRIAR    100694     114  110290  110291   10080     102
$CTRIAR  10100694     114101102901011029110010080     122
$CTRIAR    100695     114   10079   10080  110291     102
$CTRIAR  10100695     114100100791001008010110291     122
$CTRIAR    100696     114   10077   10078  110267     102
$CTRIAR  10100696     114100100771001007810110267     122
$CTRIAR    100697     114  110292  110267   10078     102
$CTRIAR  10100697     114101102921011026710010078     122
CTRIAR    100698     114   10021   10022  110285     102
CTRIAR  10100698     114100100211001002210110285     122
CTRIAR    100699     114  110286  110285   10022     102
CTRIAR  10100699     114101102861011028510010022     122
CTRIAR    100700     114  110262  110287   10024     102
CTRIAR  10100700     114101102621011028710010024     122
CTRIAR    100701     114   10023   10024  110287     102
CTRIAR  10100701     114100100231001002410110287     122
CTRIAR    100702     114  110282  110283  110279     102
CTRIAR  10100702     114101102821011028310110279     122
CTRIAR    100703     114  110280  110279  110283     102
CTRIAR  10100703     114101102801011027910110283     122
CTRIAR    100704     114  110275  110272  110274     102
CTRIAR  10100704     114101102751011027210110274     122
CTRIAR    100705     114  110271  110274  110272     102
CTRIAR  10100705     114101102711011027410110272     122
$CTRIAR    100706     114  110272  110269  110271     102
$CTRIAR  10100706     114101102721011026910110271     122
$CTRIAR    100707     114  110268  110271  110269     102
$CTRIAR  10100707     114101102681011027110110269     122
$CTRIAR    100708     114  110267  110268   10077     102
$CTRIAR  10100708     114101102671011026810010077     122
$CTRIAR    100709     114   10076   10077  110268     102
$CTRIAR  10100709     114100100761001007710110268     122
$CTRIAR    100710     114  110269   10075  110268     102
$CTRIAR  10100710     114101102691001007510110268     122
$CTRIAR    100711     114   10076  110268   10075     102
$CTRIAR  10100711     114100100761011026810010075     122
CTRIAR    100712     114   10024   10025  110262     102
CTRIAR  10100712     114100100241001002510110262     122
CTRIAR    100713     114  110263  110262   10025     102
CTRIAR  10100713     114101102631011026210010025     122
CTRIAR    100714     114  110239  110264   10027     102
CTRIAR  10100714     114101102391011026410010027     122
CTRIAR    100715     114   10026   10027  110264     102
CTRIAR  10100715     114100100261001002710110264     122
CTRIAR    100716     114  110262  110263  110259     102
CTRIAR  10100716     114101102621011026310110259     122
CTRIAR    100717     114  110260  110259  110263     102
CTRIAR  10100717     114101102601011025910110263     122
CTRIAR    100718     114  110236  110261  110239     102
CTRIAR  10100718     114101102361011026110110239     122
CTRIAR    100719     114  110264  110239  110261     102
CTRIAR  10100719     114101102641011023910110261     122
CTRIAR    100720     114  110259  110260  110256     102
CTRIAR  10100720     114101102591011026010110256     122
CTRIAR    100721     114  110257  110256  110260     102
CTRIAR  10100721     114101102571011025610110260     122
CTRIAR    100722     114  110249  110252  110224     102
CTRIAR  10100722     114101102491011025210110224     122
CTRIAR    100723     114  110227  110224  110252     102
CTRIAR  10100723     114101102271011022410110252     122
CTRIAR    100724     114  110249  110248  110252     102
CTRIAR  10100724     114101102491011024810110252     122
CTRIAR    100725     114  110251  110252  110248     102
CTRIAR  10100725     114101102511011025210110248     122
$CTRIAR    100726     114  110247  110248  110244     102
$CTRIAR  10100726     114101102471011024810110244     122
$CTRIAR    100727     114  110245  110244  110248     102
$CTRIAR  10100727     114101102451011024410110248     122
$CTRIAR    100728     114   10072  110246   10071     102
$CTRIAR  10100728     114100100721011024610010071     122
$CTRIAR    100729     114  110221   10071  110246     102
$CTRIAR  10100729     114101102211001007110110246     122
$CTRIAR    100730     114  110245  110246   10073     102
$CTRIAR  10100730     114101102451011024610010073     122
$CTRIAR    100731     114   10072   10073  110246     102
$CTRIAR  10100731     114100100721001007310110246     122
CTRIAR    100732     114   10028  110240   10027     102
CTRIAR  10100732     114100100281011024010010027     122
CTRIAR    100733     114  110239   10027  110240     102
CTRIAR  10100733     114101102391001002710110240     122
CTRIAR    100734     114   10028   10029  110240     102
CTRIAR  10100734     114100100281001002910110240     122
CTRIAR    100735     114  110241  110240   10029     102
CTRIAR  10100735     114101102411011024010010029     122
CTRIAR    100736     114  110240  110237  110239     102
CTRIAR  10100736     114101102401011023710110239     122
CTRIAR    100737     114  110236  110239  110237     102
CTRIAR  10100737     114101102361011023910110237     122
CTRIAR    100738     114  110240  110241  110237     102
CTRIAR  10100738     114101102401011024110110237     122
CTRIAR    100739     114  110238  110237  110241     102
CTRIAR  10100739     114101102381011023710110241     122
CTRIAR    100740     114  110237  110234  110236     102
CTRIAR  10100740     114101102371011023410110236     122
CTRIAR    100741     114  110233  110236  110234     102
CTRIAR  10100741     114101102331011023610110234     122
CTRIAR    100742     114  110237  110238  110234     102
CTRIAR  10100742     114101102371011023810110234     122
CTRIAR    100743     114  110235  110234  110238     102
CTRIAR  10100743     114101102351011023410110238     122
CTRIAR    100744     114  110226  110229  110201     102
CTRIAR  10100744     114101102261011022910110201     122
CTRIAR    100745     114  110204  110201  110229     102
CTRIAR  10100745     114101102041011020110110229     122
CTRIAR    100746     114  110226  110225  110229     102
CTRIAR  10100746     114101102261011022510110229     122
CTRIAR    100747     114  110228  110229  110225     102
CTRIAR  10100747     114101102281011022910110225     122
$CTRIAR    100748     114  110224  110225  110221     102
$CTRIAR  10100748     114101102241011022510110221     122
$CTRIAR    100749     114  110222  110221  110225     102
$CTRIAR  10100749     114101102221011022110110225     122
$CTRIAR    100750     114   10069  110223   10068     102
$CTRIAR  10100750     114100100691011022310010068     122
$CTRIAR    100751     114  110198   10068  110223     102
$CTRIAR  10100751     114101101981001006810110223     122
$CTRIAR    100752     114  110222  110223   10070     102
$CTRIAR  10100752     114101102221011022310010070     122
$CTRIAR    100753     114   10069   10070  110223     102
$CTRIAR  10100753     114100100691001007010110223     122
CTRIAR    100754     114   10031   10032  110217     102
CTRIAR  10100754     114100100311001003210110217     122
CTRIAR    100755     114  110218  110217   10032     102
CTRIAR  10100755     114101102181011021710010032     122
CTRIAR    100756     114  110217  110214  110216     102
CTRIAR  10100756     114101102171011021410110216     122
CTRIAR    100757     114  110213  110216  110214     102
CTRIAR  10100757     114101102131011021610110214     122
CTRIAR    100758     114  110217  110218  110214     102
CTRIAR  10100758     114101102171011021810110214     122
CTRIAR    100759     114  110215  110214  110218     102
CTRIAR  10100759     114101102151011021410110218     122
CTRIAR    100760     114  110214  110211  110213     102
CTRIAR  10100760     114101102141011021110110213     122
CTRIAR    100761     114  110210  110213  110211     102
CTRIAR  10100761     114101102101011021310110211     122
CTRIAR    100762     114  110214  110215  110211     102
CTRIAR  10100762     114101102141011021510110211     122
CTRIAR    100763     114  110212  110211  110215     102
CTRIAR  10100763     114101102121011021110110215     122
CTRIAR    100764     114  110203  110206  110178     102
CTRIAR  10100764     114101102031011020610110178     122
CTRIAR    100765     114  110181  110178  110206     102
CTRIAR  10100765     114101101811011017810110206     122
CTRIAR    100766     114  110203  110202  110206     102
CTRIAR  10100766     114101102031011020210110206     122
CTRIAR    100767     114  110205  110206  110202     102
CTRIAR  10100767     114101102051011020610110202     122
$CTRIAR    100768     114  110200  110203  110175     102
$CTRIAR  10100768     114101102001011020310110175     122
$CTRIAR    100769     114  110178  110175  110203     102
$CTRIAR  10100769     114101101781011017510110203     122
$CTRIAR    100770     114  110202  110203  110199     102
$CTRIAR  10100770     114101102021011020310110199     122
$CTRIAR    100771     114  110200  110199  110203     102
$CTRIAR  10100771     114101102001011019910110203     122
$CTRIAR    100772     114   10066  110200   10065     102
$CTRIAR  10100772     114100100661011020010010065     122
$CTRIAR    100773     114  110175   10065  110200     102
$CTRIAR  10100773     114101101751001006510110200     122
$CTRIAR    100774     114  110199  110200   10067     102
$CTRIAR  10100774     114101101991011020010010067     122
$CTRIAR    100775     114   10066   10067  110200     102
$CTRIAR  10100775     114100100661001006710110200     122
CTRIAR    100776     114   10034   10035  110194     102
CTRIAR  10100776     114100100341001003510110194     122
CTRIAR    100777     114  110195  110194   10035     102
CTRIAR  10100777     114101101951011019410010035     122
CTRIAR    100778     114  110194  110191  110193     102
CTRIAR  10100778     114101101941011019110110193     122
CTRIAR    100779     114  110190  110193  110191     102
CTRIAR  10100779     114101101901011019310110191     122
CTRIAR    100780     114  110194  110195  110191     102
CTRIAR  10100780     114101101941011019510110191     122
CTRIAR    100781     114  110192  110191  110195     102
CTRIAR  10100781     114101101921011019110110195     122
CTRIAR    100782     114  110191  110188  110190     102
CTRIAR  10100782     114101101911011018810110190     122
CTRIAR    100783     114  110187  110190  110188     102
CTRIAR  10100783     114101101871011019010110188     122
CTRIAR    100784     114  110191  110192  110188     102
CTRIAR  10100784     114101101911011019210110188     122
CTRIAR    100785     114  110189  110188  110192     102
CTRIAR  10100785     114101101891011018810110192     122
CTRIAR    100786     114  110180  110183  110155     102
CTRIAR  10100786     114101101801011018310110155     122
CTRIAR    100787     114  110158  110155  110183     102
CTRIAR  10100787     114101101581011015510110183     122
CTRIAR    100788     114  110180  110179  110183     102
CTRIAR  10100788     114101101801011017910110183     122
CTRIAR    100789     114  110182  110183  110179     102
CTRIAR  10100789     114101101821011018310110179     122
$CTRIAR    100790     114  110177  110180  110152     102
$CTRIAR  10100790     114101101771011018010110152     122
$CTRIAR    100791     114  110155  110152  110180     102
$CTRIAR  10100791     114101101551011015210110180     122
$CTRIAR    100792     114  110179  110180  110176     102
$CTRIAR  10100792     114101101791011018010110176     122
$CTRIAR    100793     114  110177  110176  110180     102
$CTRIAR  10100793     114101101771011017610110180     122
$CTRIAR    100794     114  110176  110177   10064     102
$CTRIAR  10100794     114101101761011017710010064     122
$CTRIAR    100795     114   10063   10064  110177     102
$CTRIAR  10100795     114100100631001006410110177     122
CTRIAR    100796     114   10037   10038  110171     102
CTRIAR  10100796     114100100371001003810110171     122
CTRIAR    100797     114  110172  110171   10038     102
CTRIAR  10100797     114101101721011017110010038     122
CTRIAR    100798     114  110171  110168  110170     102
CTRIAR  10100798     114101101711011016810110170     122
CTRIAR    100799     114  110167  110170  110168     102
CTRIAR  10100799     114101101671011017010110168     122
CTRIAR    100800     114  110171  110172  110168     102
CTRIAR  10100800     114101101711011017210110168     122
CTRIAR    100801     114  110169  110168  110172     102
CTRIAR  10100801     114101101691011016810110172     122
CTRIAR    100802     114  110168  110165  110167     102
CTRIAR  10100802     114101101681011016510110167     122
CTRIAR    100803     114  110164  110167  110165     102
CTRIAR  10100803     114101101641011016710110165     122
CTRIAR    100804     114  110168  110169  110165     102
CTRIAR  10100804     114101101681011016910110165     122
CTRIAR    100805     114  110166  110165  110169     102
CTRIAR  10100805     114101101661011016510110169     122
CTRIAR    100806     114  110157  110160  110125     102
CTRIAR  10100806     114101101571011016010110125     122
CTRIAR    100807     114  110128  110125  110160     102
CTRIAR  10100807     114101101281011012510110160     122
CTRIAR    100808     114  110159  110160  110156     102
CTRIAR  10100808     114101101591011016010110156     122
CTRIAR    100809     114  110157  110156  110160     102
CTRIAR  10100809     114101101571011015610110160     122
$CTRIAR    100810     114  110156  110157  110153     102
$CTRIAR  10100810     114101101561011015710110153     122
$CTRIAR    100811     114  110154  110153  110157     102
$CTRIAR  10100811     114101101541011015310110157     122
$CTRIAR    100812     114  110153  110154   10061     102
$CTRIAR  10100812     114101101531011015410010061     122
$CTRIAR    100813     114   10060   10061  110154     102
$CTRIAR  10100813     114100100601001006110110154     122
CTRIAR    100814     114   10040   10041  110148     102
CTRIAR  10100814     114100100401001004110110148     122
CTRIAR    100815     114  110149  110148   10041     102
CTRIAR  10100815     114101101491011014810010041     122
CTRIAR    100816     114  110148  110149  110143     102
CTRIAR  10100816     114101101481011014910110143     122
CTRIAR    100817     114  110144  110143  110149     102
CTRIAR  10100817     114101101441011014310110149     122
CTRIAR    100818     114  110143  110138  110142     102
CTRIAR  10100818     114101101431011013810110142     122
CTRIAR    100819     114  110137  110142  110138     102
CTRIAR  10100819     114101101371011014210110138     122
CTRIAR    100820     114  110143  110144  110138     102
CTRIAR  10100820     114101101431011014410110138     122
CTRIAR    100821     114  110139  110138  110144     102
CTRIAR  10100821     114101101391011013810110144     122
CTRIAR    100822     114  110129  110130  110126     102
CTRIAR  10100822     114101101291011013010110126     122
CTRIAR    100823     114  110127  110126  110130     102
CTRIAR  10100823     114101101271011012610110130     122
$CTRIAR    100824     114  110126  110127  110123     102
$CTRIAR  10100824     114101101261011012710110123     122
$CTRIAR    100825     114  110124  110123  110127     102
$CTRIAR  10100825     114101101241011012310110127     122
$CTRIAR    100826     114  110123  110124   10058     102
$CTRIAR  10100826     114101101231011012410010058     122
$CTRIAR    100827     114   10057   10058  110124     102
$CTRIAR  10100827     114100100571001005810110124     122
CTRIAR    100828     114  110113  110114  110119     102
CTRIAR  10100828     114101101131011011410110119     122
CTRIAR    100829     114  110114  110131  110119     102
CTRIAR  10100829     114101101141011013110110119     122
CTRIAR    100830     114  110117  110119  110131     102
CTRIAR  10100830     114101101171011011910110131     122
