CTRIAR    910001     131  730146  914601  911903     101
CTRIAR  10910001     131107301461091460110911903     121
CTRIAR    910002     131  914601  914701  911903     101
CTRIAR  10910002     131109146011091470110911903     121
CTRIAR    910003     131  911903  914701  911902     101
CTRIAR  10910003     131109119031091470110911902     121
CTRIAR    910004     131  911902  914701  911901     101
CTRIAR  10910004     131109119021091470110911901     121
CTRIAR    910005     131  911901  914701  914601     101
CTRIAR  10910005     131109119011091470110914601     121
CTRIAR    910006     131  730146  911903  730147     101
CTRIAR  10910006     131107301461091190310730147     121
CTRIAR    910007     131  830146  911901  914601     101
CTRIAR  10910007     131108301461091190110914601     121
CTRIAR    910008     131  730119  730147  911903     101
CTRIAR  10910008     131107301191073014710911903     121
CTRIAR    910009     131  830119  911901  830147     101
CTRIAR  10910009     131108301191091190110830147     121
CTRIAR    910010     131  911901  830146  830147     101
CTRIAR  10910010     131109119011083014610830147     121
CTRIAR    910011     131  902701  902702  911801     101
CTRIAR  10910011     131  902701  90270210911801     121
CTRIAR    910012     131  911801  902702  911802     101
CTRIAR  10910012     13110911801  90270210911802     121
CTRIAR    910013     131  911801  830027  902701     101
CTRIAR  10910013     13110911801  830027  902701     121
CTRIAR    910014     131  911801  830118  830027     101
CTRIAR  10910014     1311091180110830118  830027     121
CTRIAR    910015     131  730075  914601  730146     101
CTRIAR  10910015     131107300751091460110730146     121
CTRIAR    910016     131  730075  907501  914601     101
CTRIAR  10910016     131107300751090750110914601     121
CTRIAR    910017     131  730075  420029  602901     101
CTRIAR  10910017     131107300751042002910602901     121
CTRIAR    910018     131  602901  907501  730075     101
CTRIAR  10910018     131106029011090750110730075     121
CTRIAR    910019     131  912003  730099  730120     101
CTRIAR  10910019     131109120031073009910730120     121
CTRIAR    910020     131  909903  730099  912003     101
CTRIAR  10910020     131109099031073009910912003     121
CTRIAR    910021     131  730118  730099  911803     101
CTRIAR  10910021     131107301181073009910911803     121
CTRIAR    910022     131  911803  730099  909903     101
CTRIAR  10910022     131109118031073009910909903     121
CTRIAR    910023     131  730027  730118  911803     101
CTRIAR  10910023     131  7300271073011810911803     121
CTRIAR    910024     131  911803  902703  730027     101
CTRIAR  10910024     13110911803  902703  730027     121
CTRIAR    910025     131  911803  909902  911802     101
CTRIAR  10910025     131109118031090990210911802     121
CTRIAR    910026     131  909903  909902  911803     101
CTRIAR  10910026     131109099031090990210911803     121
CTRIAR    910027     131  911802  902702  911803     101
CTRIAR  10910027     13110911802  90270210911803     121
CTRIAR    910028     131  902702  902703  911803     101
CTRIAR  10910028     131  902702  90270310911803     121
CTRIAR    910029     131  912002  912003  911903     101
CTRIAR  10910029     131109120021091200310911903     121
CTRIAR    910030     131  912002  911903  911902     101
CTRIAR  10910030     131109120021091190310911902     121
CTRIAR    910031     131  909903  912003  912002     101
CTRIAR  10910031     131109099031091200310912002     121
CTRIAR    910032     131  912002  909902  909903     101
CTRIAR  10910032     131109120021090990210909903     121
CTRIAR    910033     131  730119  912003  730120     101
CTRIAR  10910033     131107301191091200310730120     121
CTRIAR    910034     131  911903  912003  730119     101
CTRIAR  10910034     131109119031091200310730119     121
CTRIAR    910035     131  912001  912002  911902     101
CTRIAR  10910035     131109120011091200210911902     121
CTRIAR    910036     131  911902  911901  912001     101
CTRIAR  10910036     131109119021091190110912001     121
CTRIAR    910037     131  830075  907501  602901     101
CTRIAR  10910037     131108300751090750110602901     121
CTRIAR    910038     131  602901  520029  830075     101
CTRIAR  10910038     131106029011052002910830075     121
CTRIAR    910039     131  914601  907501  830075     101
CTRIAR  10910039     131109146011090750110830075     121
CTRIAR    910040     131  830075  830146  914601     101
CTRIAR  10910040     131108300751083014610914601     121
CTRIAR    910041     131  830118  911801  909901     101
CTRIAR  10910041     131108301181091180110909901     121
CTRIAR    910042     131  909901  830099  830118     101
CTRIAR  10910042     131109099011083009910830118     121
CTRIAR    910043     131  909901  911801  911802     101
CTRIAR  10910043     131109099011091180110911802     121
CTRIAR    910044     131  911802  909902  909901     101
CTRIAR  10910044     131109118021090990210909901     121
CTRIAR    910045     131  909902  912002  909901     101
CTRIAR  10910045     131109099021091200210909901     121
CTRIAR    910046     131  912002  912001  909901     101
CTRIAR  10910046     131109120021091200110909901     121
CTRIAR    910047     131  830120  912001  911901     101
CTRIAR  10910047     131108301201091200110911901     121
CTRIAR    910048     131  830120  911901  830119     101
CTRIAR  10910048     131108301201091190110830119     121
CTRIAR    910049     131  830099  909901  830120     101
CTRIAR  10910049     131108300991090990110830120     121
CTRIAR    910050     131  830120  909901  912001     101
CTRIAR  10910050     131108301201090990110912001     121
