$CB Accelerometers and IMU
GRID    90101000        69.89   -1.64   52.51                 
GRID    90101001        52.880  -0.141  50.43                 
GRID    90101002        91.78   -0.141  50.644

RBE3    92101000        90101000123456  1.0     123456  903003    
RBE3    92101001        90101001123456  1.0     123456  901701
RBE3    92101002        90101002123456  1.0     123456  904501

$ Wing Accelerometers and IMU
            
GRID    90101003        98.84   83.15   52.63                 
GRID    90101004        98.84   -83.15  52.63                 
RBE3    92101003        90101003123456  1.0     123456  10312201
RBE3    92101004        90101004123456  1.0     123456  312201

GRID    90101005        107.57  83.15   52.61  				  
GRID    90101006        107.57  -83.15  52.61    
RBE3    92101005        90101005123456  1.0     123456  10311401
RBE3    92101006        90101006123456  1.0     123456  311401

$ Mid-span IMU
GRID    90101007        83.095  34.975  52.405  
GRID    90101008        83.095  -34.975 52.405  
RBE3    92101007        90101007123456  1.0     123456  10317301
RBE3    92101008        90101008123456  1.0     123456  317301