CTRIAR    400001     124  520056  520069  520054     102
CTRIAR  10400001     224105200561052006910520054     122
CTRIAR    400002     124  520055  520069  520056     102
CTRIAR  10400002     224105200551052006910520056     122
CTRIAR    400003     124  520069  520055  520068     102
CTRIAR  10400003     224105200691052005510520068     122
CTRIAR    400004     124  520076  520029  520075     102
CTRIAR  10400004     224105200761052002910520075     122
CTRIAR    400005     124  520075  520029  520030     102
CTRIAR  10400005     224105200751052002910520030     122
CTRIAR    400006     124  520076  520028  520029     102
CTRIAR  10400006     224105200761052002810520029     122
CTRIAR    400007     124  520115  520028  520076     102
CTRIAR  10400007     224105201151052002810520076     122
CTRIAR    400008     124  520028  520115  520027     102
CTRIAR  10400008     224105200281052011510520027     122
CTRIAR    400009     124  520027  520115  520116     102
CTRIAR  10400009     224105200271052011510520116     122
CTRIAR    400010     124  520023  520119  520067     102
CTRIAR  10400010     224105200231052011910520067     122
CTRIAR    400011     124  520024  520119  520023     102
CTRIAR  10400011     224105200241052011910520023     122
CTRIAR    400012     124  520119  520024  520118     102
CTRIAR  10400012     224105201191052002410520118     122
CTRIAR    400013     124  520118  520024  520025     102
CTRIAR  10400013     224105201181052002410520025     122
CTRIAR    400014     124  520026  520027  520116     102
CTRIAR  10400014     224105200261052002710520116     122
CTRIAR    400015     124  520117  520026  520116     102
CTRIAR  10400015     224105201171052002610520116     122
CTRIAR    400016     124  520118  520025  520117     102
CTRIAR  10400016     224105201181052002510520117     122
CTRIAR    400017     124  520117  520025  520026     102
CTRIAR  10400017     224105201171052002510520026     122
CTRIAR    400018     124  520057  520023  520067     102
CTRIAR  10400018     224105200571052002310520067     122
CTRIAR    400019     124  520023  520057  520022     102
CTRIAR  10400019     224105200231052005710520022     122
CTRIAR    400020     124  520062  520022  520057     102
CTRIAR  10400020     224105200621052002210520057     122
CTRIAR    400021     124  520022  520062  520021     102
CTRIAR  10400021     224105200221052006210520021     122
CTRIAR    400022     124  520021  520062  520063     102
CTRIAR  10400022     224105200211052006210520063     122
CTRIAR    400023     124  520018  520061  520017     102
CTRIAR  10400023     224105200181052006110520017     122
CTRIAR    400024     124  520061  520018  520066     102
CTRIAR  10400024     224105200611052001810520066     122
CTRIAR    400025     124  520019  520066  520018     102
CTRIAR  10400025     224105200191052006610520018     122
CTRIAR    400026     124  520066  520019  520065     102
CTRIAR  10400026     224105200661052001910520065     122
CTRIAR    400027     124  520020  520021  520063     102
CTRIAR  10400027     224105200201052002110520063     122
CTRIAR    400028     124  520064  520020  520063     102
CTRIAR  10400028     224105200641052002010520063     122
CTRIAR    400029     124  520102  520017  520061     102
CTRIAR  10400029     224105201021052001710520061     122
CTRIAR    400030     124  520017  520102  520016     102
CTRIAR  10400030     224105200171052010210520016     122
CTRIAR    400031     124  520016  520101  520015     102
CTRIAR  10400031     224105200161052010110520015     122
CTRIAR    400032     124  520101  520016  520102     102
CTRIAR  10400032     224105201011052001610520102     122
CTRIAR    400033     124  520058  520062  520057     102
CTRIAR  10400033     224105200581052006210520057     122
CTRIAR    400034     124  520062  520059  520063     102
CTRIAR  10400034     224105200621052005910520063     122
CTRIAR    400035     124  520059  520062  520058     102
CTRIAR  10400035     224105200591052006210520058     122
CTRIAR    400036     124  520066  520122  520061     102
CTRIAR  10400036     224105200661052012210520061     122
CTRIAR    400037     124  520065  520187  520066     102
CTRIAR  10400037     224105200651052018710520066     122
CTRIAR    400038     124  520064  520188  520065     102
CTRIAR  10400038     224105200641052018810520065     122
CTRIAR    400039     124  520064  520060  520188     102
CTRIAR  10400039     224105200641052006010520188     122
CTRIAR    400040     124  520063  520060  520064     102
CTRIAR  10400040     224105200631052006010520064     122
CTRIAR    400041     124  520060  520063  520059     102
CTRIAR  10400041     224105200601052006310520059     122
CTRIAR    400042     124  520054  520188  520060     102
CTRIAR  10400042     224105200541052018810520060     122
CTRIAR    400043     124  520065  520188  520187     102
CTRIAR  10400043     224105200651052018810520187     122
CTRIAR    400044     124  520187  520188  520054     102
CTRIAR  10400044     224105201871052018810520054     122
CTRIAR    400045     124  520069  520187  520054     102
CTRIAR  10400045     224105200691052018710520054     122
CTRIAR    400046     124  520069  520068  520187     102
CTRIAR  10400046     224105200691052006810520187     122
CTRIAR    400047     124  520122  520187  520068     102
CTRIAR  10400047     224105201221052018710520068     122
CTRIAR    400048     124  520187  520122  520066     102
CTRIAR  10400048     224105201871052012210520066     122
CTRIAR    400049     124  520061  520121  520102     102
CTRIAR  10400049     224105200611052012110520102     122
CTRIAR    400050     124  520122  520121  520061     102
CTRIAR  10400050     224105201221052012110520061     122
CTRIAR    400051     124  520068  520120  520122     102
CTRIAR  10400051     224105200681052012010520122     122
CTRIAR    400052     124  520122  520120  520121     102
CTRIAR  10400052     224105201221052012010520121     122
CTRIAR    400053     124  520124  520115  520076     102
CTRIAR  10400053     224105201241052011510520076     122
CTRIAR    400054     124  520123  520189  520124     102
CTRIAR  10400054     224105201231052018910520124     122
CTRIAR    400055     124  520125  520189  520123     102
CTRIAR  10400055     224105201251052018910520123     122
CTRIAR    400056     124  520126  520190  520125     102
CTRIAR  10400056     224105201261052019010520125     122
CTRIAR    400057     124  520127  520191  520126     102
CTRIAR  10400057     224105201271052019110520126     122
CTRIAR    400058     124  520128  520192  520127     102
CTRIAR  10400058     224105201281052019210520127     122
CTRIAR    400059     124  520191  520127  520192     102
CTRIAR  10400059     224105201911052012710520192     122
CTRIAR    400060     124  520192  520118  520191     102
CTRIAR  10400060     224105201921052011810520191     122
CTRIAR    400061     124  520117  520191  520118     102
CTRIAR  10400061     224105201171052019110520118     122
CTRIAR    400062     124  520126  520191  520190     102
CTRIAR  10400062     224105201261052019110520190     122
CTRIAR    400063     124  520190  520191  520117     102
CTRIAR  10400063     224105201901052019110520117     122
CTRIAR    400064     124  520116  520190  520117     102
CTRIAR  10400064     224105201161052019010520117     122
CTRIAR    400065     124  520125  520190  520189     102
CTRIAR  10400065     224105201251052019010520189     122
CTRIAR    400066     124  520189  520190  520116     102
CTRIAR  10400066     224105201891052019010520116     122
CTRIAR    400067     124  520115  520189  520116     102
CTRIAR  10400067     224105201151052018910520116     122
CTRIAR    400068     124  520189  520115  520124     102
CTRIAR  10400068     224105201891052011510520124     122
CTRIAR    400069     124  520085  520079  520078     102
CTRIAR  10400069     224105200851052007910520078     122
CTRIAR    400070     124  520123  520079  520085     102
CTRIAR  10400070     224105201231052007910520085     122
CTRIAR    400071     124  520079  520123  520080     102
CTRIAR  10400071     224105200791052012310520080     122
CTRIAR    400072     124  520124  520080  520123     102
CTRIAR  10400072     224105201241052008010520123     122
CTRIAR    400073     124  520076  520075  520124     102
CTRIAR  10400073     224105200761052007510520124     122
CTRIAR    400074     124  520124  520075  520080     102
CTRIAR  10400074     224105201241052007510520080     122
CTRIAR    400075     124  520106  520055  520074     102
CTRIAR  10400075     224105201061052005510520074     122
CTRIAR    400076     124  520131  520193  520130     102
CTRIAR  10400076     224105201311052019310520130     122
CTRIAR    400077     124  520132  520194  520131     102
CTRIAR  10400077     224105201321052019410520131     122
CTRIAR    400078     124  520133  520195  520132     102
CTRIAR  10400078     224105201331052019510520132     122
CTRIAR    400079     124  520054  520133  520056     102
CTRIAR  10400079     224105200541052013310520056     122
CTRIAR    400080     124  520133  520054  520195     102
CTRIAR  10400080     224105201331052005410520195     122
CTRIAR    400081     124  520074  520056  520133     102
CTRIAR  10400081     224105200741052005610520133     122
CTRIAR    400082     124  520056  520074  520055     102
CTRIAR  10400082     224105200561052007410520055     122
CTRIAR    400083     124  520073  520195  520054     102
CTRIAR  10400083     224105200731052019510520054     122
CTRIAR    400084     124  520132  520195  520194     102
CTRIAR  10400084     224105201321052019510520194     122
CTRIAR    400085     124  520194  520195  520073     102
CTRIAR  10400085     224105201941052019510520073     122
CTRIAR    400086     124  520072  520194  520073     102
CTRIAR  10400086     224105200721052019410520073     122
CTRIAR    400087     124  520131  520194  520193     102
CTRIAR  10400087     224105201311052019410520193     122
CTRIAR    400088     124  520193  520194  520072     102
CTRIAR  10400088     224105201931052019410520072     122
CTRIAR    400089     124  520071  520193  520072     102
CTRIAR  10400089     224105200711052019310520072     122
CTRIAR    400090     124  520071  520130  520193     102
CTRIAR  10400090     224105200711052013010520193     122
CTRIAR    400091     124  520127  520196  520128     102
CTRIAR  10400091     224105201271052019610520128     122
CTRIAR    400092     124  520126  520197  520127     102
CTRIAR  10400092     224105201261052019710520127     122
CTRIAR    400093     124  520125  520198  520126     102
CTRIAR  10400093     224105201251052019810520126     122
CTRIAR    400094     124  520125  520123  520085     102
CTRIAR  10400094     224105201251052012310520085     122
CTRIAR    400095     124  520134  520125  520085     102
CTRIAR  10400095     224105201341052012510520085     122
CTRIAR    400096     124  520125  520134  520198     102
CTRIAR  10400096     224105201251052013410520198     122
CTRIAR    400097     124  520135  520198  520134     102
CTRIAR  10400097     224105201351052019810520134     122
CTRIAR    400098     124  520126  520198  520197     102
CTRIAR  10400098     224105201261052019810520197     122
CTRIAR    400099     124  520197  520198  520135     102
CTRIAR  10400099     224105201971052019810520135     122
CTRIAR    400100     124  520136  520197  520135     102
CTRIAR  10400100     224105201361052019710520135     122
CTRIAR    400101     124  520127  520197  520196     102
CTRIAR  10400101     224105201271052019710520196     122
CTRIAR    400102     124  520196  520197  520136     102
CTRIAR  10400102     224105201961052019710520136     122
CTRIAR    400103     124  520137  520196  520136     102
CTRIAR  10400103     224105201371052019610520136     122
CTRIAR    400104     124  520137  520128  520196     102
CTRIAR  10400104     224105201371052012810520196     122
CTRIAR    400105     124  520074  520139  520106     102
CTRIAR  10400105     224105200741052013910520106     122
CTRIAR    400106     124  520141  520139  520074     102
CTRIAR  10400106     224105201411052013910520074     122
CTRIAR    400107     124  520140  520138  520141     102
CTRIAR  10400107     224105201401052013810520141     122
CTRIAR    400108     124  520141  520138  520139     102
CTRIAR  10400108     224105201411052013810520139     122
CTRIAR    400109     124  520143  520130  520129     102
CTRIAR  10400109     224105201431052013010520129     122
CTRIAR    400110     124  520143  520142  520146     102
CTRIAR  10400110     224105201431052014210520146     122
CTRIAR    400111     124  520147  520199  520146     102
CTRIAR  10400111     224105201471052019910520146     122
CTRIAR    400112     124  520148  520200  520147     102
CTRIAR  10400112     224105201481052020010520147     122
CTRIAR    400113     124  520149  520202  520148     102
CTRIAR  10400113     224105201491052020210520148     122
CTRIAR    400114     124  520140  520201  520149     102
CTRIAR  10400114     224105201401052020110520149     122
CTRIAR    400115     124  520141  520201  520140     102
CTRIAR  10400115     224105201411052020110520140     122
CTRIAR    400116     124  520141  520074  520133     102
CTRIAR  10400116     224105201411052007410520133     122
CTRIAR    400117     124  520132  520202  520133     102
CTRIAR  10400117     224105201321052020210520133     122
CTRIAR    400118     124  520200  520148  520202     102
CTRIAR  10400118     224105202001052014810520202     122
CTRIAR    400119     124  520202  520132  520200     102
CTRIAR  10400119     224105202021052013210520200     122
CTRIAR    400120     124  520131  520200  520132     102
CTRIAR  10400120     224105201311052020010520132     122
CTRIAR    400121     124  520147  520200  520199     102
CTRIAR  10400121     224105201471052020010520199     122
CTRIAR    400122     124  520199  520200  520131     102
CTRIAR  10400122     224105201991052020010520131     122
CTRIAR    400123     124  520130  520199  520131     102
CTRIAR  10400123     224105201301052019910520131     122
CTRIAR    400124     124  520143  520199  520130     102
CTRIAR  10400124     224105201431052019910520130     122
CTRIAR    400125     124  520199  520143  520146     102
CTRIAR  10400125     224105201991052014310520146     122
CTRIAR    400126     124  520201  520141  520133     102
CTRIAR  10400126     224105202011052014110520133     122
CTRIAR    400127     124  520201  520133  520202     102
CTRIAR  10400127     224105202011052013310520202     122
CTRIAR    400128     124  520202  520149  520201     102
CTRIAR  10400128     224105202021052014910520201     122
CTRIAR    400129     124  520145  520134  520085     102
CTRIAR  10400129     224105201451052013410520085     122
CTRIAR    400130     124  520144  520203  520145     102
CTRIAR  10400130     224105201441052020310520145     122
CTRIAR    400131     124  520150  520203  520144     102
CTRIAR  10400131     224105201501052020310520144     122
CTRIAR    400132     124  520151  520204  520150     102
CTRIAR  10400132     224105201511052020410520150     122
CTRIAR    400133     124  520152  520205  520151     102
CTRIAR  10400133     224105201521052020510520151     122
CTRIAR    400134     124  520152  520142  520143     102
CTRIAR  10400134     224105201521052014210520143     122
CTRIAR    400135     124  520143  520129  520137     102
CTRIAR  10400135     224105201431052012910520137     122
CTRIAR    400136     124  520152  520143  520205     102
CTRIAR  10400136     224105201521052014310520205     122
CTRIAR    400137     124  520205  520143  520137     102
CTRIAR  10400137     224105202051052014310520137     122
CTRIAR    400138     124  520136  520205  520137     102
CTRIAR  10400138     224105201361052020510520137     122
CTRIAR    400139     124  520151  520205  520204     102
CTRIAR  10400139     224105201511052020510520204     122
CTRIAR    400140     124  520204  520205  520136     102
CTRIAR  10400140     224105202041052020510520136     122
CTRIAR    400141     124  520135  520204  520136     102
CTRIAR  10400141     224105201351052020410520136     122
CTRIAR    400142     124  520150  520204  520203     102
CTRIAR  10400142     224105201501052020410520203     122
CTRIAR    400143     124  520203  520204  520135     102
CTRIAR  10400143     224105202031052020410520135     122
CTRIAR    400144     124  520134  520203  520135     102
CTRIAR  10400144     224105201341052020310520135     122
CTRIAR    400145     124  520203  520134  520145     102
CTRIAR  10400145     224105202031052013410520145     122
CTRIAR    400146     124  520092  520087  520086     102
CTRIAR  10400146     224105200921052008710520086     122
CTRIAR    400147     124  520144  520087  520092     102
CTRIAR  10400147     224105201441052008710520092     122
CTRIAR    400148     124  520087  520144  520088     102
CTRIAR  10400148     224105200871052014410520088     122
CTRIAR    400149     124  520145  520088  520144     102
CTRIAR  10400149     224105201451052008810520144     122
CTRIAR    400150     124  520085  520078  520145     102
CTRIAR  10400150     224105200851052007810520145     122
CTRIAR    400151     124  520145  520078  520088     102
CTRIAR  10400151     224105201451052007810520088     122
CTRIAR    400152     124  520140  520110  520138     102
CTRIAR  10400152     224105201401052011010520138     122
CTRIAR    400153     124  520110  520140  520153     102
CTRIAR  10400153     224105201101052014010520153     122
CTRIAR    400154     124  520149  520153  520140     102
CTRIAR  10400154     224105201491052015310520140     122
CTRIAR    400155     124  520148  520206  520149     102
CTRIAR  10400155     224105201481052020610520149     122
CTRIAR    400156     124  520147  520207  520148     102
CTRIAR  10400156     224105201471052020710520148     122
CTRIAR    400157     124  520146  520208  520147     102
CTRIAR  10400157     224105201461052020810520147     122
CTRIAR    400158     124  520146  520142  520154     102
CTRIAR  10400158     224105201461052014210520154     122
CTRIAR    400159     124  520155  520146  520154     102
CTRIAR  10400159     224105201551052014610520154     122
CTRIAR    400160     124  520146  520155  520208     102
CTRIAR  10400160     224105201461052015510520208     122
CTRIAR    400161     124  520156  520208  520155     102
CTRIAR  10400161     224105201561052020810520155     122
CTRIAR    400162     124  520147  520208  520207     102
CTRIAR  10400162     224105201471052020810520207     122
CTRIAR    400163     124  520207  520208  520156     102
CTRIAR  10400163     224105202071052020810520156     122
CTRIAR    400164     124  520206  520153  520149     102
CTRIAR  10400164     224105202061052015310520149     122
CTRIAR    400165     124  520206  520148  520207     102
CTRIAR  10400165     224105202061052014810520207     122
CTRIAR    400166     124  520153  520206  520157     102
CTRIAR  10400166     224105201531052020610520157     122
CTRIAR    400167     124  520157  520207  520156     102
CTRIAR  10400167     224105201571052020710520156     122
CTRIAR    400168     124  520207  520157  520206     102
CTRIAR  10400168     224105202071052015710520206     122
CTRIAR    400169     124  520151  520209  520152     102
CTRIAR  10400169     224105201511052020910520152     122
CTRIAR    400170     124  520150  520209  520151     102
CTRIAR  10400170     224105201501052020910520151     122
CTRIAR    400171     124  520150  520144  520092     102
CTRIAR  10400171     224105201501052014410520092     122
CTRIAR    400172     124  520158  520150  520092     102
CTRIAR  10400172     224105201581052015010520092     122
CTRIAR    400173     124  520150  520158  520209     102
CTRIAR  10400173     224105201501052015810520209     122
CTRIAR    400174     124  520159  520209  520158     102
CTRIAR  10400174     224105201591052020910520158     122
CTRIAR    400175     124  520160  520209  520159     102
CTRIAR  10400175     224105201601052020910520159     122
CTRIAR    400176     124  520160  520152  520209     102
CTRIAR  10400176     224105201601052015210520209     122
CTRIAR    400177     124  520153  520162  520110     102
CTRIAR  10400177     224105201531052016210520110     122
CTRIAR    400178     124  520164  520162  520153     102
CTRIAR  10400178     224105201641052016210520153     122
CTRIAR    400179     124  520163  520161  520164     102
CTRIAR  10400179     224105201631052016110520164     122
CTRIAR    400180     124  520164  520161  520162     102
CTRIAR  10400180     224105201641052016110520162     122
CTRIAR    400181     124  520166  520155  520154     102
CTRIAR  10400181     224105201661052015510520154     122
CTRIAR    400182     124  520166  520165  520169     102
CTRIAR  10400182     224105201661052016510520169     122
CTRIAR    400183     124  520170  520210  520169     102
CTRIAR  10400183     224105201701052021010520169     122
CTRIAR    400184     124  520171  520211  520170     102
CTRIAR  10400184     224105201711052021110520170     122
CTRIAR    400185     124  520163  520212  520171     102
CTRIAR  10400185     224105201631052021210520171     122
CTRIAR    400186     124  520164  520212  520163     102
CTRIAR  10400186     224105201641052021210520163     122
CTRIAR    400187     124  520164  520153  520157     102
CTRIAR  10400187     224105201641052015310520157     122
CTRIAR    400188     124  520156  520212  520157     102
CTRIAR  10400188     224105201561052021210520157     122
CTRIAR    400189     124  520210  520170  520211     102
CTRIAR  10400189     224105202101052017010520211     122
CTRIAR    400190     124  520156  520211  520212     102
CTRIAR  10400190     224105201561052021110520212     122
CTRIAR    400191     124  520211  520156  520210     102
CTRIAR  10400191     224105202111052015610520210     122
CTRIAR    400192     124  520155  520210  520156     102
CTRIAR  10400192     224105201551052021010520156     122
CTRIAR    400193     124  520166  520210  520155     102
CTRIAR  10400193     224105201661052021010520155     122
CTRIAR    400194     124  520210  520166  520169     102
CTRIAR  10400194     224105202101052016610520169     122
CTRIAR    400195     124  520212  520164  520157     102
CTRIAR  10400195     224105202121052016410520157     122
CTRIAR    400196     124  520212  520211  520171     102
CTRIAR  10400196     224105202121052021110520171     122
CTRIAR    400197     124  520168  520158  520092     102
CTRIAR  10400197     224105201681052015810520092     122
CTRIAR    400198     124  520167  520213  520168     102
CTRIAR  10400198     224105201671052021310520168     122
CTRIAR    400199     124  520172  520213  520167     102
CTRIAR  10400199     224105201721052021310520167     122
CTRIAR    400200     124  520173  520214  520172     102
CTRIAR  10400200     224105201731052021410520172     122
CTRIAR    400201     124  520173  520165  520166     102
CTRIAR  10400201     224105201731052016510520166     122
CTRIAR    400202     124  520166  520154  520160     102
CTRIAR  10400202     224105201661052015410520160     122
CTRIAR    400203     124  520173  520166  520214     102
CTRIAR  10400203     224105201731052016610520214     122
CTRIAR    400204     124  520214  520166  520160     102
CTRIAR  10400204     224105202141052016610520160     122
CTRIAR    400205     124  520159  520214  520160     102
CTRIAR  10400205     224105201591052021410520160     122
CTRIAR    400206     124  520172  520214  520213     102
CTRIAR  10400206     224105201721052021410520213     122
CTRIAR    400207     124  520213  520214  520159     102
CTRIAR  10400207     224105202131052021410520159     122
CTRIAR    400208     124  520158  520213  520159     102
CTRIAR  10400208     224105201581052021310520159     122
CTRIAR    400209     124  520213  520158  520168     102
CTRIAR  10400209     224105202131052015810520168     122
CTRIAR    400210     124  520099  520094  520093     102
CTRIAR  10400210     224105200991052009410520093     122
CTRIAR    400211     124  520167  520094  520099     102
CTRIAR  10400211     224105201671052009410520099     122
CTRIAR    400212     124  520094  520167  520095     102
CTRIAR  10400212     224105200941052016710520095     122
CTRIAR    400213     124  520168  520095  520167     102
CTRIAR  10400213     224105201681052009510520167     122
CTRIAR    400214     124  520092  520086  520168     102
CTRIAR  10400214     224105200921052008610520168     122
CTRIAR    400215     124  520168  520086  520095     102
CTRIAR  10400215     224105201681052008610520095     122
CTRIAR    400216     124  520163  520114  520161     102
CTRIAR  10400216     224105201631052011410520161     122
CTRIAR    400217     124  520114  520163  520174     102
CTRIAR  10400217     224105201141052016310520174     122
CTRIAR    400218     124  520171  520174  520163     102
CTRIAR  10400218     224105201711052017410520163     122
CTRIAR    400219     124  520170  520215  520171     102
CTRIAR  10400219     224105201701052021510520171     122
CTRIAR    400220     124  520169  520215  520170     102
CTRIAR  10400220     224105201691052021510520170     122
CTRIAR    400221     124  520169  520165  520175     102
CTRIAR  10400221     224105201691052016510520175     122
CTRIAR    400222     124  520176  520169  520175     102
CTRIAR  10400222     224105201761052016910520175     122
CTRIAR    400223     124  520169  520176  520215     102
CTRIAR  10400223     224105201691052017610520215     122
CTRIAR    400224     124  520177  520215  520176     102
CTRIAR  10400224     224105201771052021510520176     122
CTRIAR    400225     124  520174  520171  520215     102
CTRIAR  10400225     224105201741052017110520215     122
CTRIAR    400226     124  520215  520177  520174     102
CTRIAR  10400226     224105202151052017710520174     122
CTRIAR    400227     124  520172  520216  520173     102
CTRIAR  10400227     224105201721052021610520173     122
CTRIAR    400228     124  520172  520167  520099     102
CTRIAR  10400228     224105201721052016710520099     122
CTRIAR    400229     124  520178  520172  520099     102
CTRIAR  10400229     224105201781052017210520099     122
CTRIAR    400230     124  520172  520178  520216     102
CTRIAR  10400230     224105201721052017810520216     122
CTRIAR    400231     124  520179  520216  520178     102
CTRIAR  10400231     224105201791052021610520178     122
CTRIAR    400232     124  520179  520173  520216     102
CTRIAR  10400232     224105201791052017310520216     122
CTRIAR    400233     124  520174  520180  520114     102
CTRIAR  10400233     224105201741052018010520114     122
CTRIAR    400234     124  520180  520174  520181     102
CTRIAR  10400234     224105201801052017410520181     122
CTRIAR    400235     124  520177  520181  520174     102
CTRIAR  10400235     224105201771052018110520174     122
CTRIAR    400236     124  520181  520177  520185     102
CTRIAR  10400236     224105201811052017710520185     122
CTRIAR    400237     124  520175  520182  520184     102
CTRIAR  10400237     224105201751052018210520184     122
CTRIAR    400238     124  520175  520184  520176     102
CTRIAR  10400238     224105201751052018410520176     122
CTRIAR    400239     124  520176  520185  520177     102
CTRIAR  10400239     224105201761052018510520177     122
CTRIAR    400240     124  520185  520176  520184     102
CTRIAR  10400240     224105201851052017610520184     122
CTRIAR    400241     124  520183  520178  520099     102
CTRIAR  10400241     224105201831052017810520099     122
CTRIAR    400242     124  520186  520178  520183     102
CTRIAR  10400242     224105201861052017810520183     122
CTRIAR    400243     124  520186  520179  520178     102
CTRIAR  10400243     224105201861052017910520178     122
CTRIAR    400244     124  210054  520183  520100     102
CTRIAR  10400244     224102100541052018310520100     122
CTRIAR    400245     124  520183  210054  210055     102
CTRIAR  10400245     224105201831021005410210055     122
CTRIAR    400246     124  210055  520186  520183     102
CTRIAR  10400246     224102100551052018610520183     122
CTRIAR    400247     124  210056  520186  210055     102
CTRIAR  10400247     224102100561052018610210055     122
CTRIAR    400248     124  210057  520182  210056     102
CTRIAR  10400248     224102100571052018210210056     122
CTRIAR    400249     124  210056  520182  520186     102
CTRIAR  10400249     224102100561052018210520186     122
CTRIAR    400250     124  520185  210059  520181     102
CTRIAR  10400250     224105201851021005910520181     122
CTRIAR    400251     124  210059  520185  210058     102
CTRIAR  10400251     224102100591052018510210058     122
CTRIAR    400252     124  520184  210058  520185     102
CTRIAR  10400252     224105201841021005810520185     122
CTRIAR    400253     124  520182  210057  520184     102
CTRIAR  10400253     224105201821021005710520184     122
CTRIAR    400254     124  520184  210057  210058     102
CTRIAR  10400254     224105201841021005710210058     122
CTRIAR    400255     124  210060  520181  210059     102
CTRIAR  10400255     224102100601052018110210059     122
CTRIAR    400256     124  520181  210060  520180     102
CTRIAR  10400256     224105201811021006010520180     122
CTRIAR    400257     124  520111  520114  520180     102
CTRIAR  10400257     224105201111052011410520180     122
CTRIAR    400258     124  210060  210061  520180     102
CTRIAR  10400258     224102100601021006110520180     122
CTRIAR    400259     124  520180  210061  520111     102
CTRIAR  10400259     224105201801021006110520111     122
$CTRIAR    400260     124  520114  520111  520112     102
$CTRIAR  10400260     224105201141052011110520112     122
$CTRIAR    400261     124  520114  520112  520161     102
$CTRIAR  10400261     224105201141052011210520161     122
$CTRIAR    400262     124  520113  520161  520112     102
$CTRIAR  10400262     224105201131052016110520112     122
$CTRIAR    400263     124  520113  520162  520161     102
$CTRIAR  10400263     224105201131052016210520161     122
$CTRIAR    400264     124  520110  520107  520108     102
$CTRIAR  10400264     224105201101052010710520108     122
$CTRIAR    400265     124  520110  520108  520138     102
$CTRIAR  10400265     224105201101052010810520138     122
$CTRIAR    400266     124  520109  520138  520108     102
$CTRIAR  10400266     224105201091052013810520108     122
$CTRIAR    400267     124  520109  520139  520138     102
$CTRIAR  10400267     224105201091052013910520138     122
$CTRIAR    400268     124  520106  520103  520104     102
$CTRIAR  10400268     224105201061052010310520104     122
$CTRIAR    400269     124  520106  520104  520120     102
$CTRIAR  10400269     224105201061052010410520120     122
$CTRIAR    400270     124  520105  520120  520104     102
$CTRIAR  10400270     224105201051052012010520104     122
$CTRIAR    400271     124  520105  520121  520120     102
$CTRIAR  10400271     224105201051052012110520120     122
CTRIAR    400272     124  520060  520073  520054     102
CTRIAR  10400272     224105200601052007310520054     122
CTRIAR    400273     124  520059  520073  520060     102
CTRIAR  10400273     224105200591052007310520060     122
CTRIAR    400274     124  520073  520059  520072     102
CTRIAR  10400274     224105200731052005910520072     122
CTRIAR    400275     124  520057  520071  520058     102
CTRIAR  10400275     224105200571052007110520058     122
CTRIAR    400276     124  520072  520058  520071     102
CTRIAR  10400276     224105200721052005810520071     122
CTRIAR    400277     124  520058  520072  520059     102
CTRIAR  10400277     224105200581052007210520059     122
CTRIAR    400278     124  520077  520081   20035     102
CTRIAR  10400278     224105200771052008110020035     122
CTRIAR    400279     124   20035  520081   20034     102
CTRIAR  10400279     224100200351052008110020034     122
CTRIAR    400280     124  520031   20034  520081     102
CTRIAR  10400280     224105200311002003410520081     122
CTRIAR    400281     124  520032   20034  520031     102
CTRIAR  10400281     224105200321002003410520031     122
CTRIAR    400282     124   20034  520032   20014     102
CTRIAR  10400282     224100200341052003210020014     122
CTRIAR    400283     124  520081  520030  520031     102
CTRIAR  10400283     224105200811052003010520031     122
CTRIAR    400284     124  520077  520075  520081     102
CTRIAR  10400284     224105200771052007510520081     122
CTRIAR    400285     124  520081  520075  520030     102
CTRIAR  10400285     224105200811052007510520030     122
CTRIAR    400286     124  520077  520080  520075     102
CTRIAR  10400286     224105200771052008010520075     122
CTRIAR    400287     124  520084  520080  520077     102
CTRIAR  10400287     224105200841052008010520077     122
CTRIAR    400288     124  520083  520082  520078     102
CTRIAR  10400288     224105200831052008210520078     122
CTRIAR    400289     124  520079  520083  520078     102
CTRIAR  10400289     224105200791052008310520078     122
CTRIAR    400290     124  520080  520084  520079     102
CTRIAR  10400290     224105200801052008410520079     122
CTRIAR    400291     124  520079  520084  520083     102
CTRIAR  10400291     224105200791052008410520083     122
CTRIAR    400292     124  520082   20037   20038     102
CTRIAR  10400292     224105200821002003710020038     122
CTRIAR    400293     124  520083   20037  520082     102
CTRIAR  10400293     224105200831002003710520082     122
CTRIAR    400294     124  520084  520077   20035     102
CTRIAR  10400294     224105200841052007710020035     122
CTRIAR    400295     124   20036  520084   20035     102
CTRIAR  10400295     224100200361052008410020035     122
CTRIAR    400296     124   20037  520083   20036     102
CTRIAR  10400296     224100200371052008310020036     122
CTRIAR    400297     124   20036  520083  520084     102
CTRIAR  10400297     224100200361052008310520084     122
CTRIAR    400298     124  520082  520088  520078     102
CTRIAR  10400298     224105200821052008810520078     122
CTRIAR    400299     124  520091  520088  520082     102
CTRIAR  10400299     224105200911052008810520082     122
CTRIAR    400300     124  520090  520089  520086     102
CTRIAR  10400300     224105200901052008910520086     122
CTRIAR    400301     124  520087  520090  520086     102
CTRIAR  10400301     224105200871052009010520086     122
CTRIAR    400302     124  520088  520091  520087     102
CTRIAR  10400302     224105200881052009110520087     122
CTRIAR    400303     124  520087  520091  520090     102
CTRIAR  10400303     224105200871052009110520090     122
CTRIAR    400304     124   20038  520091  520082     102
CTRIAR  10400304     224100200381052009110520082     122
CTRIAR    400305     124   20039  520091   20038     102
CTRIAR  10400305     224100200391052009110020038     122
CTRIAR    400306     124   20040   20041  520089     102
CTRIAR  10400306     224100200401002004110520089     122
CTRIAR    400307     124  520090   20040  520089     102
CTRIAR  10400307     224105200901002004010520089     122
CTRIAR    400308     124  520091   20039  520090     102
CTRIAR  10400308     224105200911002003910520090     122
CTRIAR    400309     124  520090   20039   20040     102
CTRIAR  10400309     224105200901002003910020040     122
CTRIAR    400310     124  520089  520095  520086     102
CTRIAR  10400310     224105200891052009510520086     122
CTRIAR    400311     124  520098  520095  520089     102
CTRIAR  10400311     224105200981052009510520089     122
CTRIAR    400312     124  520095  520098  520094     102
CTRIAR  10400312     224105200951052009810520094     122
CTRIAR    400313     124  520097  520094  520098     102
CTRIAR  10400313     224105200971052009410520098     122
CTRIAR    400314     124  520096  520093  520097     102
CTRIAR  10400314     224105200961052009310520097     122
CTRIAR    400315     124  520097  520093  520094     102
CTRIAR  10400315     224105200971052009310520094     122
CTRIAR    400316     124   20041  520098  520089     102
CTRIAR  10400316     224100200411052009810520089     122
CTRIAR    400317     124   20042  520098   20041     102
CTRIAR  10400317     224100200421052009810020041     122
CTRIAR    400318     124   20043   20044  520096     102
CTRIAR  10400318     224100200431002004410520096     122
CTRIAR    400319     124  520097   20043  520096     102
CTRIAR  10400319     224105200971002004310520096     122
CTRIAR    400320     124  520098   20042  520097     102
CTRIAR  10400320     224105200981002004210520097     122
CTRIAR    400321     124  520097   20042   20043     102
CTRIAR  10400321     224105200971002004210020043     122
CTRIAR    400322     124   20044   10002  520096     102
CTRIAR  10400322     224100200441001000210520096     122
CTRIAR    400323     124  520096   10002  210053     102
CTRIAR  10400323     224105200961001000210210053     122
CTRIAR    400324     124  520100  210053  210054     102
CTRIAR  10400324     224105201001021005310210054     122
CTRIAR    400325     124  520093  520096  520100     102
CTRIAR  10400325     224105200931052009610520100     122
CTRIAR    400326     124  520100  520096  210053     102
CTRIAR  10400326     224105201001052009610210053     122
$CTRIAR    400327     124   20012  520101  520105     102
$CTRIAR  10400327     224100200121052010110520105     122
$CTRIAR    400328     124   20012  520105   20011     102
$CTRIAR  10400328     224100200121052010510020011     122
$CTRIAR    400329     124  520103   20009   20010     102
$CTRIAR  10400329     224105201031002000910020010     122
$CTRIAR    400330     124   20010  520104  520103     102
$CTRIAR  10400330     224100200101052010410520103     122
$CTRIAR    400331     124   20009  520103  520109     102
$CTRIAR  10400331     224100200091052010310520109     122
$CTRIAR    400332     124   20009  520109   20008     102
$CTRIAR  10400332     224100200091052010910020008     122
$CTRIAR    400333     124  520107   20006   20007     102
$CTRIAR  10400333     224105201071002000610020007     122
$CTRIAR    400334     124   20007  520108  520107     102
$CTRIAR  10400334     224100200071052010810520107     122
$CTRIAR    400335     124   20006  520107  520113     102
$CTRIAR  10400335     224100200061052010710520113     122
$CTRIAR    400336     124   20006  520113   20005     102
$CTRIAR  10400336     224100200061052011310020005     122
$CTRIAR    400337     124   20005  520112   20004     102
$CTRIAR  10400337     224100200051052011210020004     122
$CTRIAR    400338     124  520112   20005  520113     102
$CTRIAR  10400338     224105201121002000510520113     122
CTRIAR    400339     124   10052  520111  210061     102
CTRIAR  10400339     224100100521052011110210061     122
CTRIAR    400340     124  520111   10052   20003     102
CTRIAR  10400340     224105201111001005210020003     122
CTRIAR    400341     124  520101   20012   20013     102
CTRIAR  10400341     224105201011002001210020013     122
CTRIAR    400342     124   20002  520015   20013     102
CTRIAR  10400342     224100200021052001510020013     122
CTRIAR    400343     124   20013  520015  520101     102
CTRIAR  10400343     224100200131052001510520101     122
CTRIAR    400344     124  520020  520064  520019     102
CTRIAR  10400344     224105200201052006410520019     122
CTRIAR    400345     124  520065  520019  520064     102
CTRIAR  10400345     224105200651052001910520064     122
CTRIAR    400346     124  520067  520119  520070     102
CTRIAR  10400346     224105200671052011910520070     122
CTRIAR    400347     124  520128  520070  520119     102
CTRIAR  10400347     224105201281052007010520119     122
CTRIAR    400348     124  520118  520192  520119     102
CTRIAR  10400348     224105201181052019210520119     122
CTRIAR    400349     124  520128  520119  520192     102
CTRIAR  10400349     224105201281052011910520192     122
CTRIAR    400350     124  520068  520055  520120     102
CTRIAR  10400350     224105200681052005510520120     122
CTRIAR    400351     124  520106  520120  520055     102
CTRIAR  10400351     224105201061052012010520055     122
CTRIAR    400352     124  520130  520071  520129     102
CTRIAR  10400352     224105201301052007110520129     122
CTRIAR    400353     124  520070  520129  520071     102
CTRIAR  10400353     224105200701052012910520071     122
CTRIAR    400354     124  520128  520137  520070     102
CTRIAR  10400354     224105201281052013710520070     122
CTRIAR    400355     124  520129  520070  520137     102
CTRIAR  10400355     224105201291052007010520137     122
CTRIAR    400356     124  520152  520160  520142     102
CTRIAR  10400356     224105201521052016010520142     122
CTRIAR    400357     124  520154  520142  520160     102
CTRIAR  10400357     224105201541052014210520160     122
CTRIAR    400358     124  520173  520179  520165     102
CTRIAR  10400358     224105201731052017910520165     122
CTRIAR    400359     124  520175  520165  520179     102
CTRIAR  10400359     224105201751052016510520179     122
CTRIAR    400360     124  520175  520179  520182     102
CTRIAR  10400360     224105201751052017910520182     122
CTRIAR    400361     124  520186  520182  520179     102
CTRIAR  10400361     224105201861052018210520179     122
CTRIAR    400362     124  520093  520100  520099     102
CTRIAR  10400362     224105200931052010010520099     122
CTRIAR    400363     124  520183  520099  520100     102
CTRIAR  10400363     224105201831052009910520100     122
$CTRIAR    400364     124  520110  520162  520107     102
$CTRIAR  10400364     224105201101052016210520107     122
$CTRIAR    400365     124  520113  520107  520162     102
$CTRIAR  10400365     224105201131052010710520162     122
$CTRIAR    400366     124  520106  520139  520103     102
$CTRIAR  10400366     224105201061052013910520103     122
$CTRIAR    400367     124  520109  520103  520139     102
$CTRIAR  10400367     224105201091052010310520139     122
$CTRIAR    400368     124  520102  520121  520101     102
$CTRIAR  10400368     224105201021052012110520101     122
$CTRIAR    400369     124  520105  520101  520121     102
$CTRIAR  10400369     224105201051052010110520121     122
CTRIAR    400370     124  520071  520057  520070     102
CTRIAR  10400370     224105200711052005710520070     122
CTRIAR    400371     124  520067  520070  520057     102
CTRIAR  10400371     224105200671052007010520057     122
$CTRIAR    400372     124  520105  520104   20011     102
$CTRIAR  10400372     224105201051052010410020011     122
$CTRIAR    400373     124   20010   20011  520104     102
$CTRIAR  10400373     224100200101002001110520104     122
$CTRIAR    400374     124  520109  520108   20008     102
$CTRIAR  10400374     224105201091052010810020008     122
$CTRIAR    400375     124   20007   20008  520108     102
$CTRIAR  10400375     224100200071002000810520108     122
$CTRIAR    400376     124   20003   20004  520111     102
$CTRIAR  10400376     224100200031002000410520111     122
$CTRIAR    400377     124  520112  520111   20004     102
$CTRIAR  10400377     224105201121052011110020004     122
