CTRIAR    600001     121  602901  420029  420076     101
CTRIAR  10600001     121106029011042002910420076     121
CTRIAR    600002     121  420076  607601  602901     101
CTRIAR  10600002     121104200761060760110602901     121
CTRIAR    600003     121  612301  608501  520123     101
CTRIAR  10600003     121106123011060850110520123     121
CTRIAR    600004     121  520123  608501  520085     101
CTRIAR  10600004     121105201231060850110520085     121
CTRIAR    600005     121  602901  607601  520076     101
CTRIAR  10600005     121106029011060760110520076     121
CTRIAR    600006     121  520076  520029  602901     101
CTRIAR  10600006     121105200761052002910602901     121
CTRIAR    600007     121  612301  420123  420085     101
CTRIAR  10600007     121106123011042012310420085     121
CTRIAR    600008     121  420085  608501  612301     101
CTRIAR  10600008     121104200851060850110612301     121
CTRIAR    600009     121  614501  420085  420145     101
CTRIAR  10600009     121106145011042008510420145     121
CTRIAR    600010     121  608501  420085  614501     101
CTRIAR  10600010     121106085011042008510614501     121
CTRIAR    600011     121  420167  420099  609901     101
CTRIAR  10600011     121104201671042009910609901     121
CTRIAR    600012     121  609901  616701  420167     101
CTRIAR  10600012     121106099011061670110420167     121
CTRIAR    600013     121  420167  616701  420168     101
CTRIAR  10600013     121104201671061670110420168     121
CTRIAR    600014     121  616701  616801  420168     101
CTRIAR  10600014     121106167011061680110420168     121
CTRIAR    600015     121  420168  616801  609201     101
CTRIAR  10600015     121104201681061680110609201     121
CTRIAR    600016     121  609201  420092  420168     101
CTRIAR  10600016     121106092011042009210420168     121
CTRIAR    600017     121  420144  614501  420145     101
CTRIAR  10600017     121104201441061450110420145     121
CTRIAR    600018     121  614401  614501  420144     101
CTRIAR  10600018     121106144011061450110420144     121
CTRIAR    600019     121  420144  420092  609201     101
CTRIAR  10600019     121104201441042009210609201     121
CTRIAR    600020     121  420144  609201  614401     101
CTRIAR  10600020     121104201441060920110614401     121
CTRIAR    600021     121  612401  520123  520124     101
CTRIAR  10600021     121106124011052012310520124     121
CTRIAR    600022     121  612301  520123  612401     101
CTRIAR  10600022     121106123011052012310612401     121
CTRIAR    600023     121  520124  520076  612401     101
CTRIAR  10600023     121105201241052007610612401     121
CTRIAR    600024     121  612401  520076  607601     101
CTRIAR  10600024     121106124011052007610607601     121
CTRIAR    600025     121  618301  210055  520183     101
CTRIAR  10600025     121106183011021005510520183     121
CTRIAR    600026     121  305501  210055  618301     101
CTRIAR  10600026     121103055011021005510618301     121
CTRIAR    600027     121  618301  420183  110055     101
CTRIAR  10600027     121106183011042018310110055     121
CTRIAR    600028     121  618301  110055  305501     101
CTRIAR  10600028     121106183011011005510305501     121
CTRIAR    600029     121  420099  420183  618301     101
CTRIAR  10600029     121104200991042018310618301     121
CTRIAR    600030     121  618301  609901  420099     101
CTRIAR  10600030     121106183011060990110420099     121
CTRIAR    600031     121  520099  618301  520183     101
CTRIAR  10600031     121105200991061830110520183     121
CTRIAR    600032     121  609901  618301  520099     101
CTRIAR  10600032     121106099011061830110520099     121
CTRIAR    600033     121  420124  420123  612301     101
CTRIAR  10600033     121104201241042012310612301     121
CTRIAR    600034     121  612301  612401  420124     101
CTRIAR  10600034     121106123011061240110420124     121
CTRIAR    600035     121  607601  420076  420124     101
CTRIAR  10600035     121106076011042007610420124     121
CTRIAR    600036     121  420124  612401  607601     101
CTRIAR  10600036     121104201241061240110607601     121
CTRIAR    600037     121  520085  608501  520145     101
CTRIAR  10600037     121105200851060850110520145     121
CTRIAR    600038     121  608501  614501  520145     101
CTRIAR  10600038     121106085011061450110520145     121
CTRIAR    600039     121  520145  614501  614401     101
CTRIAR  10600039     121105201451061450110614401     121
CTRIAR    600040     121  614401  520144  520145     101
CTRIAR  10600040     121106144011052014410520145     121
CTRIAR    600041     121  609201  616801  520092     101
CTRIAR  10600041     121106092011061680110520092     121
CTRIAR    600042     121  616801  520168  520092     101
CTRIAR  10600042     121106168011052016810520092     121
CTRIAR    600043     121  614401  609201  520092     101
CTRIAR  10600043     121106144011060920110520092     121
CTRIAR    600044     121  520092  520144  614401     101
CTRIAR  10600044     121105200921052014410614401     121
CTRIAR    600045     121  520167  616801  616701     101
CTRIAR  10600045     121105201671061680110616701     121
CTRIAR    600046     121  520167  520168  616801     101
CTRIAR  10600046     121105201671052016810616801     121
CTRIAR    600047     121  616701  609901  520167     101
CTRIAR  10600047     121106167011060990110520167     121
CTRIAR    600048     121  609901  520099  520167     101
CTRIAR  10600048     121106099011052009910520167     121
