CTRIA3    900001     131  730075  730076  907601     107
CTRIA3  10900001     131107300751073007610907601     127
CTRIA3    900002     131  907501  730075  907601     107
CTRIA3  10900002     131109075011073007510907601     127
CTRIA3    900003     131  730084  730085  908501     107
CTRIA3  10900003     131107300841073008510908501     127
CTRIA3    900004     131  908501  908401  730084     107
CTRIA3  10900004     131109085011090840110730084     127
CTRIA3    900005     131  908101  730081  730082     107
CTRIA3  10900005     131109081011073008110730082     127
CTRIA3    900006     131  730082  908201  908101     107
CTRIA3  10900006     131107300821090820110908101     127
CTRIA3    900007     131  908601  730086  730019     107
CTRIA3  10900007     1311090860110730086  730019     127
CTRIA3    900008     131  908601  730019  901901     107
CTRIA3  10900008     13110908601  730019  901901     127
CTRIA3    900009     131  730085  730086  908601     107
CTRIA3  10900009     131107300851073008610908601     127
CTRIA3    900010     131  908601  908501  730085     107
CTRIA3  10900010     131109086011090850110730085     127
CTRIA3    900011     131  730079  907801  730078     107
CTRIA3  10900011     131107300791090780110730078     127
CTRIA3    900012     131  730079  907901  907801     107
CTRIA3  10900012     131107300791090790110907801     127
CTRIA3    900013     131  908001  730080  730081     107
CTRIA3  10900013     131109080011073008010730081     127
CTRIA3    900014     131  908001  730081  908101     107
CTRIA3  10900014     131109080011073008110908101     127
CTRIA3    900015     131  908001  730079  730080     107
CTRIA3  10900015     131109080011073007910730080     127
CTRIA3    900016     131  907901  730079  908001     107
CTRIA3  10900016     131109079011073007910908001     127
CTRIA3    900017     131  908001  830081  830080     107
CTRIA3  10900017     131109080011083008110830080     127
CTRIA3    900018     131  908101  830081  908001     107
CTRIA3  10900018     131109081011083008110908001     127
CTRIA3    900019     131  730078  907801  730077     107
CTRIA3  10900019     131107300781090780110730077     127
CTRIA3    900020     131  907801  907701  730077     107
CTRIA3  10900020     131109078011090770110730077     127
CTRIA3    900021     131  730077  907601  730076     107
CTRIA3  10900021     131107300771090760110730076     127
CTRIA3    900022     131  730077  907701  907601     107
CTRIA3  10900022     131107300771090770110907601     127
CTRIA3    900023     131  907501  907601  830076     107
CTRIA3  10900023     131109075011090760110830076     127
CTRIA3    900024     131  830076  830075  907501     107
CTRIA3  10900024     131108300761083007510907501     127
CTRIA3    900025     131  907601  907701  830076     107
CTRIA3  10900025     131109076011090770110830076     127
CTRIA3    900026     131  907701  830077  830076     107
CTRIA3  10900026     131109077011083007710830076     127
CTRIA3    900027     131  830078  907701  907801     107
CTRIA3  10900027     131108300781090770110907801     127
CTRIA3    900028     131  830078  830077  907701     107
CTRIA3  10900028     131108300781083007710907701     127
CTRIA3    900029     131  730084  908401  908301     107
CTRIA3  10900029     131107300841090840110908301     127
CTRIA3    900030     131  908301  730083  730084     107
CTRIA3  10900030     131109083011073008310730084     127
CTRIA3    900031     131  908201  730082  908301     107
CTRIA3  10900031     131109082011073008210908301     127
CTRIA3    900032     131  730082  730083  908301     107
CTRIA3  10900032     131107300821073008310908301     127
CTRIA3    900033     131  908101  908201  830082     107
CTRIA3  10900033     131109081011090820110830082     127
CTRIA3    900034     131  830082  830081  908101     107
CTRIA3  10900034     131108300821083008110908101     127
CTRIA3    900035     131  908201  908301  830082     107
CTRIA3  10900035     131109082011090830110830082     127
CTRIA3    900036     131  830082  908301  830083     107
CTRIA3  10900036     131108300821090830110830083     127
CTRIA3    900037     131  830084  908301  908401     107
CTRIA3  10900037     131108300841090830110908401     127
CTRIA3    900038     131  830083  908301  830084     107
CTRIA3  10900038     131108300831090830110830084     127
CTRIA3    900039     131  907901  908001  830079     107
CTRIA3  10900039     131109079011090800110830079     127
CTRIA3    900040     131  830079  908001  830080     107
CTRIA3  10900040     131108300791090800110830080     127
CTRIA3    900041     131  907801  907901  830079     107
CTRIA3  10900041     131109078011090790110830079     127
CTRIA3    900042     131  830079  830078  907801     107
CTRIA3  10900042     131108300791083007810907801     127
CTRIA3    900043     131  908401  908501  830085     107
CTRIA3  10900043     131109084011090850110830085     127
CTRIA3    900044     131  830085  830084  908401     107
CTRIA3  10900044     131108300851083008410908401     127
CTRIA3    900045     131  830086  908601  901901     107
CTRIA3  10900045     1311083008610908601  901901     127
CTRIA3    900046     131  901901  830019  830086     107
CTRIA3  10900046     131  901901  83001910830086     127
CTRIA3    900047     131  908501  908601  830086     107
CTRIA3  10900047     131109085011090860110830086     127
CTRIA3    900048     131  830086  830085  908501     107
CTRIA3  10900048     131108300861083008510908501     127
