CTRIAR    620001     121  520061  520017  601701     105
CTRIAR  10620001     121105200611052001710601701     125
CTRIAR    620002     121  601701  606101  520061     105
CTRIAR  10620002     121106017011060610110520061     125
CTRIAR    620003     121  605501  420055  420074     105
CTRIAR  10620003     121106055011042005510420074     125
CTRIAR    620004     121  607401  605501  420074     105
CTRIAR  10620004     121106074011060550110420074     125
CTRIAR    620005     121  614001  615301  520153     105
CTRIAR  10620005     121106140011061530110520153     125
CTRIAR    620006     121  520153  520140  614001     105
CTRIAR  10620006     121105201531052014010614001     125
CTRIAR    620007     121  305901  210059  520181     105
CTRIAR  10620007     121103059011021005910520181     125
CTRIAR    620008     121  520181  618101  305901     105
CTRIAR  10620008     121105201811061810110305901     125
CTRIAR    620009     121  617401  618101  520181     105
CTRIAR  10620009     121106174011061810110520181     125
CTRIAR    620010     121  520181  520174  617401     105
CTRIAR  10620010     121105201811052017410617401     125
CTRIAR    620011     121  305901  618101  420181     105
CTRIAR  10620011     121103059011061810110420181     125
CTRIAR    620012     121  420181  110059  305901     105
CTRIAR  10620012     121104201811011005910305901     125
CTRIAR    620013     121  420181  618101  617401     105
CTRIAR  10620013     121104201811061810110617401     125
CTRIAR    620014     121  617401  420174  420181     105
CTRIAR  10620014     121106174011042017410420181     125
CTRIAR    620015     121  616301  520174  520163     105
CTRIAR  10620015     121106163011052017410520163     125
CTRIAR    620016     121  617401  520174  616301     105
CTRIAR  10620016     121106174011052017410616301     125
CTRIAR    620017     121  420163  420174  616301     105
CTRIAR  10620017     121104201631042017410616301     125
CTRIAR    620018     121  616301  420174  617401     105
CTRIAR  10620018     121106163011042017410617401     125
CTRIAR    620019     121  420068  420055  605501     105
CTRIAR  10620019     121104200681042005510605501     125
CTRIAR    620020     121  420068  605501  606801     105
CTRIAR  10620020     121104200681060550110606801     125
CTRIAR    620021     121  606801  612201  420068     105
CTRIAR  10620021     121106068011061220110420068     125
CTRIAR    620022     121  612201  420122  420068     105
CTRIAR  10620022     121106122011042012210420068     125
CTRIAR    620023     121  420061  606101  601701     105
CTRIAR  10620023     121104200611060610110601701     125
CTRIAR    620024     121  601701  420017  420061     105
CTRIAR  10620024     121106017011042001710420061     125
CTRIAR    620025     121  420061  420122  612201     105
CTRIAR  10620025     121104200611042012210612201     125
CTRIAR    620026     121  420061  612201  606101     105
CTRIAR  10620026     121104200611061220110606101     125
CTRIAR    620027     121  520164  616301  520163     105
CTRIAR  10620027     121105201641061630110520163     125
CTRIAR    620028     121  616401  616301  520164     105
CTRIAR  10620028     121106164011061630110520164     125
CTRIAR    620029     121  520164  520153  615301     105
CTRIAR  10620029     121105201641052015310615301     125
CTRIAR    620030     121  615301  616401  520164     105
CTRIAR  10620030     121106153011061640110520164     125
CTRIAR    620031     121  614001  520140  520141     105
CTRIAR  10620031     121106140011052014010520141     125
CTRIAR    620032     121  520141  614101  614001     105
CTRIAR  10620032     121105201411061410110614001     125
CTRIAR    620033     121  607401  614101  520141     105
CTRIAR  10620033     121106074011061410110520141     125
CTRIAR    620034     121  520141  520074  607401     105
CTRIAR  10620034     121105201411052007410607401     125
CTRIAR    620035     121  607401  420074  420141     105
CTRIAR  10620035     121106074011042007410420141     125
CTRIAR    620036     121  420141  614101  607401     105
CTRIAR  10620036     121104201411061410110607401     125
CTRIAR    620037     121  614001  614101  420141     105
CTRIAR  10620037     121106140011061410110420141     125
CTRIAR    620038     121  420141  420140  614001     105
CTRIAR  10620038     121104201411042014010614001     125
CTRIAR    620039     121  420153  615301  614001     105
CTRIAR  10620039     121104201531061530110614001     125
CTRIAR    620040     121  614001  420140  420153     105
CTRIAR  10620040     121106140011042014010420153     125
CTRIAR    620041     121  520055  605501  607401     105
CTRIAR  10620041     121105200551060550110607401     125
CTRIAR    620042     121  607401  520074  520055     105
CTRIAR  10620042     121106074011052007410520055     125
CTRIAR    620043     121  606801  605501  520055     105
CTRIAR  10620043     121106068011060550110520055     125
CTRIAR    620044     121  520055  520068  606801     105
CTRIAR  10620044     121105200551052006810606801     125
CTRIAR    620045     121  520122  520061  606101     105
CTRIAR  10620045     121105201221052006110606101     125
CTRIAR    620046     121  606101  612201  520122     105
CTRIAR  10620046     121106061011061220110520122     125
CTRIAR    620047     121  520122  612201  606801     105
CTRIAR  10620047     121105201221061220110606801     125
CTRIAR    620048     121  606801  520068  520122     105
CTRIAR  10620048     121106068011052006810520122     125
CTRIAR    620049     121  420163  616301  420164     105
CTRIAR  10620049     121104201631061630110420164     125
CTRIAR    620050     121  420164  616301  616401     105
CTRIAR  10620050     121104201641061630110616401     125
CTRIAR    620051     121  420164  616401  615301     105
CTRIAR  10620051     121104201641061640110615301     125
CTRIAR    620052     121  615301  420153  420164     105
CTRIAR  10620052     121106153011042015310420164     125
