CTRIAR    700001     133   30050  730048   30015     100
CTRIAR  10700001     23310030050  730048   30015     120
CTRIAR    700002     133  730048   30050  730107     100
CTRIAR  10700002     233  7300481003005010730107     120
CTRIAR    700003     133   30051  730107   30050     100
CTRIAR  10700003     233100300511073010710030050     120
CTRIAR    700004     133  730107   30051  730087     100
CTRIAR  10700004     233107301071003005110730087     120
CTRIAR    700005     133  730107  730047  730048     100
CTRIAR  10700005     23310730107  730047  730048     120
CTRIAR    700006     133  730047  730107  730110     100
CTRIAR  10700006     233  7300471073010710730110     120
CTRIAR    700007     133  730087  730110  730107     100
CTRIAR  10700007     233107300871073011010730107     120
CTRIAR    700008     133  730110  730087  730088     100
CTRIAR  10700008     233107301101073008710730088     120
CTRIAR    700009     133  730046  730047  730110     100
CTRIAR  10700009     233  730046  73004710730110     120
CTRIAR    700010     133  730046  730110  730113     100
CTRIAR  10700010     233  7300461073011010730113     120
CTRIAR    700011     133  730089  730113  730088     100
CTRIAR  10700011     233107300891073011310730088     120
CTRIAR    700012     133  730088  730113  730110     100
CTRIAR  10700012     233107300881073011310730110     120
CTRIAR    700013     133  730113  730045  730046     100
CTRIAR  10700013     23310730113  730045  730046     120
CTRIAR    700014     133  730089  730196  730113     100
CTRIAR  10700014     233107300891073019610730113     120
CTRIAR    700015     133  730098  730196  730089     100
CTRIAR  10700015     233107300981073019610730089     120
CTRIAR    700016     133  730097  730184  730098     100
CTRIAR  10700016     233107300971073018410730098     120
CTRIAR    700017     133  730096  730185  730097     100
CTRIAR  10700017     233107300961073018510730097     120
CTRIAR    700018     133  730095  730186  730096     100
CTRIAR  10700018     233107300951073018610730096     120
CTRIAR    700019     133  730094  730187  730095     100
CTRIAR  10700019     233107300941073018710730095     120
CTRIAR    700020     133  730093  730188  730094     100
CTRIAR  10700020     233107300931073018810730094     120
CTRIAR    700021     133  730092  730189  730093     100
CTRIAR  10700021     233107300921073018910730093     120
CTRIAR    700022     133  730091  730190  730092     100
CTRIAR  10700022     233107300911073019010730092     120
CTRIAR    700023     133  730091  730090  730116     100
CTRIAR  10700023     233107300911073009010730116     120
CTRIAR    700024     133  730116  730036  730037     100
CTRIAR  10700024     23310730116  730036  730037     120
CTRIAR    700025     133  730038  730190  730037     100
CTRIAR  10700025     233  73003810730190  730037     120
CTRIAR    700026     133  730039  730189  730038     100
CTRIAR  10700026     233  73003910730189  730038     120
CTRIAR    700027     133  730040  730191  730039     100
CTRIAR  10700027     233  73004010730191  730039     120
CTRIAR    700028     133  730041  730192  730040     100
CTRIAR  10700028     233  73004110730192  730040     120
CTRIAR    700029     133  730042  730193  730041     100
CTRIAR  10700029     233  73004210730193  730041     120
CTRIAR    700030     133  730043  730194  730042     100
CTRIAR  10700030     233  73004310730194  730042     120
CTRIAR    700031     133  730044  730195  730043     100
CTRIAR  10700031     233  73004410730195  730043     120
CTRIAR    700032     133  730045  730196  730044     100
CTRIAR  10700032     233  73004510730196  730044     120
CTRIAR    700033     133  730113  730196  730045     100
CTRIAR  10700033     2331073011310730196  730045     120
CTRIAR    700034     133  730028  730118  730027     100
CTRIAR  10700034     233  73002810730118  730027     120
CTRIAR    700035     133  730029  730203  730028     100
CTRIAR  10700035     233  73002910730203  730028     120
CTRIAR    700036     133  730030  730197  730029     100
CTRIAR  10700036     233  73003010730197  730029     120
CTRIAR    700037     133  730031  730198  730030     100
CTRIAR  10700037     233  73003110730198  730030     120
CTRIAR    700038     133  730032  730199  730031     100
CTRIAR  10700038     233  73003210730199  730031     120
CTRIAR    700039     133  730033  730200  730032     100
CTRIAR  10700039     233  73003310730200  730032     120
CTRIAR    700040     133  730034  730201  730033     100
CTRIAR  10700040     233  73003410730201  730033     120
CTRIAR    700041     133  730035  730202  730034     100
CTRIAR  10700041     233  73003510730202  730034     120
CTRIAR    700042     133  730035  730036  730116     100
CTRIAR  10700042     233  730035  73003610730116     120
CTRIAR    700043     133  730116  730090  730106     100
CTRIAR  10700043     233107301161073009010730106     120
CTRIAR    700044     133  730035  730116  730202     100
CTRIAR  10700044     233  7300351073011610730202     120
CTRIAR    700045     133  730202  730116  730106     100
CTRIAR  10700045     233107302021073011610730106     120
CTRIAR    700046     133  730105  730202  730106     100
CTRIAR  10700046     233107301051073020210730106     120
CTRIAR    700047     133  730104  730201  730105     100
CTRIAR  10700047     233107301041073020110730105     120
CTRIAR    700048     133  730103  730200  730104     100
CTRIAR  10700048     233107301031073020010730104     120
CTRIAR    700049     133  730102  730199  730103     100
CTRIAR  10700049     233107301021073019910730103     120
CTRIAR    700050     133  730101  730198  730102     100
CTRIAR  10700050     233107301011073019810730102     120
CTRIAR    700051     133  730100  730197  730101     100
CTRIAR  10700051     233107301001073019710730101     120
CTRIAR    700052     133  730099  730203  730100     100
CTRIAR  10700052     233107300991073020310730100     120
CTRIAR    700053     133  730118  730203  730099     100
CTRIAR  10700053     233107301181073020310730099     120
CTRIAR    700054     133  730118  730028  730203     100
CTRIAR  10700054     23310730118  73002810730203     120
CTRIAR    700055     133  730203  730029  730197     100
CTRIAR  10700055     23310730203  73002910730197     120
CTRIAR    700056     133  730197  730030  730198     100
CTRIAR  10700056     23310730197  73003010730198     120
CTRIAR    700057     133  730198  730031  730199     100
CTRIAR  10700057     23310730198  73003110730199     120
CTRIAR    700058     133  730199  730032  730200     100
CTRIAR  10700058     23310730199  73003210730200     120
CTRIAR    700059     133  730200  730033  730201     100
CTRIAR  10700059     23310730200  73003310730201     120
CTRIAR    700060     133  730201  730034  730202     100
CTRIAR  10700060     23310730201  73003410730202     120
CTRIAR    700061     133  730201  730202  730105     100
CTRIAR  10700061     233107302011073020210730105     120
CTRIAR    700062     133   30049  730135   30056     100
CTRIAR  10700062     233100300491073013510030056     120
CTRIAR    700063     133  730135   30049  730057     100
CTRIAR  10700063     233107301351003004910730057     120
CTRIAR    700064     133  730057  730138  730135     100
CTRIAR  10700064     233107300571073013810730135     120
CTRIAR    700065     133  730138  730057  730058     100
CTRIAR  10700065     233107301381073005710730058     120
CTRIAR    700066     133  730138  730058  730141     100
CTRIAR  10700066     233107301381073005810730141     120
CTRIAR    700067     133  730141  730058  420017     100
CTRIAR  10700067     233107301411073005810420017     120
CTRIAR    700068     133  420017  730153  730141     100
CTRIAR  10700068     233104200171073015310730141     120
CTRIAR    700069     133  730060  730153  420017     100
CTRIAR  10700069     233107300601073015310420017     120
CTRIAR    700070     133  730153  730060  730152     100
CTRIAR  10700070     233107301531073006010730152     120
CTRIAR    700071     133  730061  730152  730060     100
CTRIAR  10700071     233107300611073015210730060     120
CTRIAR    700072     133  730152  730061  730151     100
CTRIAR  10700072     233107301521073006110730151     120
CTRIAR    700073     133  730062  730151  730061     100
CTRIAR  10700073     233107300621073015110730061     120
CTRIAR    700074     133  730151  730062  730150     100
CTRIAR  10700074     233107301511073006210730150     120
CTRIAR    700075     133  420023  730144  730148     100
CTRIAR  10700075     233104200231073014410730148     120
CTRIAR    700076     133  420023  730148  730064     100
CTRIAR  10700076     233104200231073014810730064     120
CTRIAR    700077     133  730063  730150  730062     100
CTRIAR  10700077     233107300631073015010730062     120
CTRIAR    700078     133  730064  730149  730063     100
CTRIAR  10700078     233107300641073014910730063     120
CTRIAR    700079     133  730148  730149  730064     100
CTRIAR  10700079     233107301481073014910730064     120
CTRIAR    700080     133  730149  730150  730063     100
CTRIAR  10700080     233107301491073015010730063     120
CTRIAR    700081     133  730154  420029  730075     100
CTRIAR  10700081     233107301541042002910730075     120
CTRIAR    700082     133  730155  730070  730154     100
CTRIAR  10700082     233107301551073007010730154     120
CTRIAR    700083     133  730070  730155  730069     100
CTRIAR  10700083     233107300701073015510730069     120
CTRIAR    700084     133  730070  420029  730154     100
CTRIAR  10700084     233107300701042002910730154     120
CTRIAR    700085     133  730156  730069  730155     100
CTRIAR  10700085     233107301561073006910730155     120
CTRIAR    700086     133  730157  730204  730156     100
CTRIAR  10700086     233107301571073020410730156     120
CTRIAR    700087     133  730068  730157  730067     100
CTRIAR  10700087     233107300681073015710730067     120
CTRIAR    700088     133  730069  730156  730204     100
CTRIAR  10700088     233107300691073015610730204     120
CTRIAR    700089     133  730157  730068  730204     100
CTRIAR  10700089     233107301571073006810730204     120
CTRIAR    700090     133  730204  730068  730069     100
CTRIAR  10700090     233107302041073006810730069     120
CTRIAR    700091     133  730158  730067  730157     100
CTRIAR  10700091     233107301581073006710730157     120
CTRIAR    700092     133  730159  730205  730158     100
CTRIAR  10700092     233107301591073020510730158     120
CTRIAR    700093     133  730159  730144  420023     100
CTRIAR  10700093     233107301591073014410420023     120
CTRIAR    700094     133  730066  730159  420023     100
CTRIAR  10700094     233107300661073015910420023     120
CTRIAR    700095     133  730067  730158  730205     100
CTRIAR  10700095     233107300671073015810730205     120
CTRIAR    700096     133  730159  730066  730205     100
CTRIAR  10700096     233107301591073006610730205     120
CTRIAR    700097     133  730205  730066  730067     100
CTRIAR  10700097     233107302051073006610730067     120
CTRIAR    700098     133  730018  730171  730017     100
CTRIAR  10700098     233  73001810730171  730017     120
CTRIAR    700099     133  730019  730171  730018     100
CTRIAR  10700099     233  73001910730171  730018     120
CTRIAR    700100     133  730086  730206  730019     100
CTRIAR  10700100     2331073008610730206  730019     120
CTRIAR    700101     133  730170  730086  730169     100
CTRIAR  10700101     233107301701073008610730169     120
CTRIAR    700102     133  730171  730019  730206     100
CTRIAR  10700102     23310730171  73001910730206     120
CTRIAR    700103     133  730086  730170  730206     100
CTRIAR  10700103     233107300861073017010730206     120
CTRIAR    700104     133  730206  730170  730171     100
CTRIAR  10700104     233107302061073017010730171     120
CTRIAR    700105     133  730085  730169  730086     100
CTRIAR  10700105     233107300851073016910730086     120
CTRIAR    700106     133  730084  730207  730085     100
CTRIAR  10700106     233107300841073020710730085     120
CTRIAR    700107     133  730168  730084  730167     100
CTRIAR  10700107     233107301681073008410730167     120
CTRIAR    700108     133  730169  730085  730207     100
CTRIAR  10700108     233107301691073008510730207     120
CTRIAR    700109     133  730084  730168  730207     100
CTRIAR  10700109     233107300841073016810730207     120
CTRIAR    700110     133  730207  730168  730169     100
CTRIAR  10700110     233107302071073016810730169     120
CTRIAR    700111     133  730083  730167  730084     100
CTRIAR  10700111     233107300831073016710730084     120
CTRIAR    700112     133  730082  730208  730083     100
CTRIAR  10700112     233107300821073020810730083     120
CTRIAR    700113     133  730167  730083  730208     100
CTRIAR  10700113     233107301671073008310730208     120
CTRIAR    700114     133  730082  730166  730208     100
CTRIAR  10700114     233107300821073016610730208     120
CTRIAR    700115     133  730208  730166  730167     100
CTRIAR  10700115     233107302081073016610730167     120
CTRIAR    700116     133  730072  730075  420029     100
CTRIAR  10700116     233107300721073007510420029     120
CTRIAR    700117     133  730160  730075  730072     100
CTRIAR  10700117     233107301601073007510730072     120
CTRIAR    700118     133  730075  730160  730076     100
CTRIAR  10700118     233107300751073016010730076     120
CTRIAR    700119     133  730161  730076  730160     100
CTRIAR  10700119     233107301611073007610730160     120
CTRIAR    700120     133  730076  730161  730077     100
CTRIAR  10700120     233107300761073016110730077     120
CTRIAR    700121     133  730162  730077  730161     100
CTRIAR  10700121     233107301621073007710730161     120
CTRIAR    700122     133  730077  730162  730078     100
CTRIAR  10700122     233107300771073016210730078     120
CTRIAR    700123     133  730079  730163  730080     100
CTRIAR  10700123     233107300791073016310730080     120
CTRIAR    700124     133  730164  730080  730163     100
CTRIAR  10700124     233107301641073008010730163     120
CTRIAR    700125     133  730165  730209  730164     100
CTRIAR  10700125     233107301651073020910730164     120
CTRIAR    700126     133  730165  730166  730082     100
CTRIAR  10700126     233107301651073016610730082     120
CTRIAR    700127     133  730081  730165  730082     100
CTRIAR  10700127     233107300811073016510730082     120
CTRIAR    700128     133  730080  730164  730209     100
CTRIAR  10700128     233107300801073016410730209     120
CTRIAR    700129     133  730165  730081  730209     100
CTRIAR  10700129     233107301651073008110730209     120
CTRIAR    700130     133  730209  730081  730080     100
CTRIAR  10700130     233107302091073008110730080     120
CTRIAR    700131     133  730073  730160  730072     100
CTRIAR  10700131     233107300731073016010730072     120
CTRIAR    700132     133  730172  730160  730073     100
CTRIAR  10700132     233107301721073016010730073     120
CTRIAR    700133     133  730160  730172  730161     100
CTRIAR  10700133     233107301601073017210730161     120
CTRIAR    700134     133  730017  730183  730016     100
CTRIAR  10700134     233  73001710730183  730016     120
CTRIAR    700135     133  730171  730183  730017     100
CTRIAR  10700135     2331073017110730183  730017     120
CTRIAR    700136     133  730183  730171  730182     100
CTRIAR  10700136     233107301831073017110730182     120
CTRIAR    700137     133  730173  730161  730172     100
CTRIAR  10700137     233107301731073016110730172     120
CTRIAR    700138     133  730161  730173  730162     100
CTRIAR  10700138     233107301611073017310730162     120
CTRIAR    700139     133  730174  730162  730173     100
CTRIAR  10700139     233107301741073016210730173     120
CTRIAR    700140     133  730162  730174  730163     100
CTRIAR  10700140     233107301621073017410730163     120
CTRIAR    700141     133  730175  730163  730174     100
CTRIAR  10700141     233107301751073016310730174     120
CTRIAR    700142     133  730163  730175  730164     100
CTRIAR  10700142     233107301631073017510730164     120
CTRIAR    700143     133  730176  730164  730175     100
CTRIAR  10700143     233107301761073016410730175     120
CTRIAR    700144     133  730164  730176  730165     100
CTRIAR  10700144     233107301641073017610730165     120
CTRIAR    700145     133  730177  730165  730176     100
CTRIAR  10700145     233107301771073016510730176     120
CTRIAR    700146     133  730165  730177  730166     100
CTRIAR  10700146     233107301651073017710730166     120
CTRIAR    700147     133  730178  730166  730177     100
CTRIAR  10700147     233107301781073016610730177     120
CTRIAR    700148     133  730166  730178  730167     100
CTRIAR  10700148     233107301661073017810730167     120
CTRIAR    700149     133  730179  730167  730178     100
CTRIAR  10700149     233107301791073016710730178     120
CTRIAR    700150     133  730167  730179  730168     100
CTRIAR  10700150     233107301671073017910730168     120
CTRIAR    700151     133  730180  730168  730179     100
CTRIAR  10700151     233107301801073016810730179     120
CTRIAR    700152     133  730168  730180  730169     100
CTRIAR  10700152     233107301681073018010730169     120
CTRIAR    700153     133  730181  730169  730180     100
CTRIAR  10700153     233107301811073016910730180     120
CTRIAR    700154     133  730169  730181  730170     100
CTRIAR  10700154     233107301691073018110730170     120
CTRIAR    700155     133  730182  730170  730181     100
CTRIAR  10700155     233107301821073017010730181     120
CTRIAR    700156     133  730170  730182  730171     100
CTRIAR  10700156     233107301701073018210730171     120
CTRIAR    700157     133  730074  730172  730073     100
CTRIAR  10700157     233107300741073017210730073     120
CTRIAR    700158     133   30001  730172  730074     100
CTRIAR  10700158     233100300011073017210730074     120
CTRIAR    700159     133  730172   30001  730173     100
CTRIAR  10700159     233107301721003000110730173     120
CTRIAR    700160     133   30003  730173   30001     100
CTRIAR  10700160     233100300031073017310030001     120
CTRIAR    700161     133  730173   30003  730174     100
CTRIAR  10700161     233107301731003000310730174     120
CTRIAR    700162     133   30004  730174   30003     100
CTRIAR  10700162     233100300041073017410030003     120
CTRIAR    700163     133  730174   30004  730175     100
CTRIAR  10700163     233107301741003000410730175     120
CTRIAR    700164     133   30005  730175   30004     100
CTRIAR  10700164     233100300051073017510030004     120
CTRIAR    700165     133  730175   30005  730176     100
CTRIAR  10700165     233107301751003000510730176     120
CTRIAR    700166     133   30006  730176   30005     100
CTRIAR  10700166     233100300061073017610030005     120
CTRIAR    700167     133   30007  730210   30006     100
CTRIAR  10700167     233100300071073021010030006     120
CTRIAR    700168     133  730176   30006  730210     100
CTRIAR  10700168     233107301761003000610730210     120
CTRIAR    700169     133   30007  730177  730210     100
CTRIAR  10700169     233100300071073017710730210     120
CTRIAR    700170     133  730210  730177  730176     100
CTRIAR  10700170     233107302101073017710730176     120
CTRIAR    700171     133  730016   30014   30002     100
CTRIAR  10700171     233  73001610030014   30002     120
CTRIAR    700172     133  730183   30014  730016     100
CTRIAR  10700172     2331073018310030014  730016     120
CTRIAR    700173     133   30014  730183   30013     100
CTRIAR  10700173     233100300141073018310030013     120
CTRIAR    700174     133  730182   30013  730183     100
CTRIAR  10700174     233107301821003001310730183     120
CTRIAR    700175     133   30013  730182   30012     100
CTRIAR  10700175     233100300131073018210030012     120
CTRIAR    700176     133  730181   30012  730182     100
CTRIAR  10700176     233107301811003001210730182     120
CTRIAR    700177     133   30012  730181   30011     100
CTRIAR  10700177     233100300121073018110030011     120
CTRIAR    700178     133  730180   30011  730181     100
CTRIAR  10700178     233107301801003001110730181     120
CTRIAR    700179     133   30011  730180   30010     100
CTRIAR  10700179     233100300111073018010030010     120
CTRIAR    700180     133  730179   30010  730180     100
CTRIAR  10700180     233107301791003001010730180     120
CTRIAR    700181     133   30010  730179   30009     100
CTRIAR  10700181     233100300101073017910030009     120
CTRIAR    700182     133  730178   30009  730179     100
CTRIAR  10700182     233107301781003000910730179     120
CTRIAR    700183     133  730178  730177   30007     100
CTRIAR  10700183     233107301781073017710030007     120
CTRIAR    700184     133   30008  730178   30007     100
CTRIAR  10700184     233100300081073017810030007     120
CTRIAR    700185     133  730178   30008   30009     100
CTRIAR  10700185     233107301781003000810030009     120
CTRIAR    700186     133  730128  730147  730119     100
CTRIAR  10700186     233107301281073014710730119     120
CTRIAR    700187     133  730129  730220  730128     100
CTRIAR  10700187     233107301291073022010730128     120
CTRIAR    700188     133  730130  730211  730129     100
CTRIAR  10700188     233107301301073021110730129     120
CTRIAR    700189     133  730131  730212  730130     100
CTRIAR  10700189     233107301311073021210730130     120
CTRIAR    700190     133  730132  730213  730131     100
CTRIAR  10700190     233107301321073021310730131     120
CTRIAR    700191     133  730133  730214  730132     100
CTRIAR  10700191     233107301331073021410730132     120
CTRIAR    700192     133  730134  730215  730133     100
CTRIAR  10700192     233107301341073021510730133     120
CTRIAR    700193     133  730134  730117  730145     100
CTRIAR  10700193     233107301341073011710730145     120
CTRIAR    700194     133  730145  730144  730159     100
CTRIAR  10700194     233107301451073014410730159     120
CTRIAR    700195     133  730158  730215  730159     100
CTRIAR  10700195     233107301581073021510730159     120
CTRIAR    700196     133  730157  730214  730158     100
CTRIAR  10700196     233107301571073021410730158     120
CTRIAR    700197     133  730156  730216  730157     100
CTRIAR  10700197     233107301561073021610730157     120
CTRIAR    700198     133  730155  730217  730156     100
CTRIAR  10700198     233107301551073021710730156     120
CTRIAR    700199     133  730154  730218  730155     100
CTRIAR  10700199     233107301541073021810730155     120
CTRIAR    700200     133  730075  730219  730154     100
CTRIAR  10700200     233107300751073021910730154     120
CTRIAR    700201     133  730146  730219  730075     100
CTRIAR  10700201     233107301461073021910730075     120
CTRIAR    700202     133  730147  730220  730146     100
CTRIAR  10700202     233107301471073022010730146     120
CTRIAR    700203     133  730128  730220  730147     100
CTRIAR  10700203     233107301281073022010730147     120
CTRIAR    700204     133  730143  730127  730114     100
CTRIAR  10700204     233107301431073012710730114     120
CTRIAR    700205     133  730142  730221  730143     100
CTRIAR  10700205     233107301421073022110730143     120
CTRIAR    700206     133  730141  730222  730142     100
CTRIAR  10700206     233107301411073022210730142     120
CTRIAR    700207     133  730153  730222  730141     100
CTRIAR  10700207     233107301531073022210730141     120
CTRIAR    700208     133  730152  730227  730153     100
CTRIAR  10700208     233107301521073022710730153     120
CTRIAR    700209     133  730151  730226  730152     100
CTRIAR  10700209     233107301511073022610730152     120
CTRIAR    700210     133  730150  730225  730151     100
CTRIAR  10700210     233107301501073022510730151     120
CTRIAR    700211     133  730149  730223  730150     100
CTRIAR  10700211     233107301491073022310730150     120
CTRIAR    700212     133  730148  730224  730149     100
CTRIAR  10700212     233107301481073022410730149     120
CTRIAR    700213     133  730148  730144  730145     100
CTRIAR  10700213     233107301481073014410730145     120
CTRIAR    700214     133  730145  730117  730121     100
CTRIAR  10700214     233107301451073011710730121     120
CTRIAR    700215     133  730122  730224  730121     100
CTRIAR  10700215     233107301221073022410730121     120
CTRIAR    700216     133  730123  730223  730122     100
CTRIAR  10700216     233107301231073022310730122     120
CTRIAR    700217     133  730124  730225  730123     100
CTRIAR  10700217     233107301241073022510730123     120
CTRIAR    700218     133  730125  730226  730124     100
CTRIAR  10700218     233107301251073022610730124     120
CTRIAR    700219     133  730126  730227  730125     100
CTRIAR  10700219     233107301261073022710730125     120
CTRIAR    700220     133  730127  730221  730126     100
CTRIAR  10700220     233107301271073022110730126     120
CTRIAR    700221     133  730127  730143  730221     100
CTRIAR  10700221     233107301271073014310730221     120
CTRIAR    700222     133  730138  730141  730142     100
CTRIAR  10700222     233107301381073014110730142     120
CTRIAR    700223     133  730138  730142  730139     100
CTRIAR  10700223     233107301381073014210730139     120
CTRIAR    700224     133  730114  730111  730140     100
CTRIAR  10700224     233107301141073011110730140     120
CTRIAR    700225     133  730114  730140  730143     100
CTRIAR  10700225     233107301141073014010730143     120
CTRIAR    700226     133  730139  730143  730140     100
CTRIAR  10700226     233107301391073014310730140     120
CTRIAR    700227     133  730143  730139  730142     100
CTRIAR  10700227     233107301431073013910730142     120
CTRIAR    700228     133  730139  730135  730138     100
CTRIAR  10700228     233107301391073013510730138     120
CTRIAR    700229     133  730140  730228  730139     100
CTRIAR  10700229     233107301401073022810730139     120
CTRIAR    700230     133  730111  730137  730140     100
CTRIAR  10700230     233107301111073013710730140     120
CTRIAR    700231     133  730111  730108  730137     100
CTRIAR  10700231     233107301111073010810730137     120
CTRIAR    700232     133  730228  730140  730137     100
CTRIAR  10700232     233107302281073014010730137     120
CTRIAR    700233     133  730136  730228  730137     100
CTRIAR  10700233     233107301361073022810730137     120
CTRIAR    700234     133  730135  730228  730136     100
CTRIAR  10700234     233107301351073022810730136     120
CTRIAR    700235     133  730228  730135  730139     100
CTRIAR  10700235     233107302281073013510730139     120
CTRIAR    700236     133  730136   30056  730135     100
CTRIAR  10700236     233107301361003005610730135     120
CTRIAR    700237     133  730137  730229  730136     100
CTRIAR  10700237     233107301371073022910730136     120
CTRIAR    700238     133  730108   30054  730137     100
CTRIAR  10700238     233107301081003005410730137     120
CTRIAR    700239     133  730108   30053   30054     100
CTRIAR  10700239     233107301081003005310030054     120
CTRIAR    700240     133  730229  730137   30054     100
CTRIAR  10700240     233107302291073013710030054     120
CTRIAR    700241     133   30055  730229   30054     100
CTRIAR  10700241     233100300551073022910030054     120
CTRIAR    700242     133   30056  730229   30055     100
CTRIAR  10700242     233100300561073022910030055     120
CTRIAR    700243     133  730229   30056  730136     100
CTRIAR  10700243     233107302291003005610730136     120
CTRIAR    700244     133  730020  730086  730019     100
CTRIAR  10700244     233  73002010730086  730019     120
CTRIAR    700245     133  730021  730230  730020     100
CTRIAR  10700245     233  73002110730230  730020     120
CTRIAR    700246     133  730022  730231  730021     100
CTRIAR  10700246     233  73002210730231  730021     120
CTRIAR    700247     133  730023  730232  730022     100
CTRIAR  10700247     233  73002310730232  730022     120
CTRIAR    700248     133  730024  730233  730023     100
CTRIAR  10700248     233  73002410730233  730023     120
CTRIAR    700249     133  730025  730234  730024     100
CTRIAR  10700249     233  73002510730234  730024     120
CTRIAR    700250     133  730026  730235  730025     100
CTRIAR  10700250     233  73002610730235  730025     120
CTRIAR    700251     133  730027  730236  730026     100
CTRIAR  10700251     233  73002710730236  730026     120
CTRIAR    700252     133  730118  730236  730027     100
CTRIAR  10700252     2331073011810730236  730027     120
CTRIAR    700253     133  730099  730237  730118     100
CTRIAR  10700253     233107300991073023710730118     120
CTRIAR    700254     133  730120  730238  730099     100
CTRIAR  10700254     233107301201073023810730099     120
CTRIAR    700255     133  730119  730239  730120     100
CTRIAR  10700255     233107301191073023910730120     120
CTRIAR    700256     133  730147  730240  730119     100
CTRIAR  10700256     233107301471073024010730119     120
CTRIAR    700257     133  730077  730147  730076     100
CTRIAR  10700257     233107300771073014710730076     120
CTRIAR    700258     133  730078  730240  730077     100
CTRIAR  10700258     233107300781073024010730077     120
CTRIAR    700259     133  730079  730241  730078     100
CTRIAR  10700259     233107300791073024110730078     120
CTRIAR    700260     133  730080  730242  730079     100
CTRIAR  10700260     233107300801073024210730079     120
CTRIAR    700261     133  730081  730243  730080     100
CTRIAR  10700261     233107300811073024310730080     120
CTRIAR    700262     133  730082  730244  730081     100
CTRIAR  10700262     233107300821073024410730081     120
CTRIAR    700263     133  730083  730245  730082     100
CTRIAR  10700263     233107300831073024510730082     120
CTRIAR    700264     133  730146  730076  730147     100
CTRIAR  10700264     233107301461073007610730147     120
CTRIAR    700265     133  730076  730146  730075     100
CTRIAR  10700265     233107300761073014610730075     120
CTRIAR    700266     133  730084  730232  730083     100
CTRIAR  10700266     233107300841073023210730083     120
CTRIAR    700267     133  730022  730232  730231     100
CTRIAR  10700267     233  7300221073023210730231     120
CTRIAR    700268     133  730231  730232  730084     100
CTRIAR  10700268     233107302311073023210730084     120
CTRIAR    700269     133  730085  730231  730084     100
CTRIAR  10700269     233107300851073023110730084     120
CTRIAR    700270     133  730021  730085  730230     100
CTRIAR  10700270     233  7300211073008510730230     120
CTRIAR    700271     133  730085  730021  730231     100
CTRIAR  10700271     23310730085  73002110730231     120
CTRIAR    700272     133  730086  730230  730085     100
CTRIAR  10700272     233107300861073023010730085     120
CTRIAR    700273     133  730230  730086  730020     100
CTRIAR  10700273     2331073023010730086  730020     120
CTRIAR    700274     133  730134  730090  730117     100
CTRIAR  10700274     233107301341073009010730117     120
CTRIAR    700275     133  730133  730246  730134     100
CTRIAR  10700275     233107301331073024610730134     120
CTRIAR    700276     133  730132  730247  730133     100
CTRIAR  10700276     233107301321073024710730133     120
CTRIAR    700277     133  730131  730248  730132     100
CTRIAR  10700277     233107301311073024810730132     120
CTRIAR    700278     133  730130  730249  730131     100
CTRIAR  10700278     233107301301073024910730131     120
CTRIAR    700279     133  730128  730250  730129     100
CTRIAR  10700279     233107301281073025010730129     120
CTRIAR    700280     133  730119  730251  730128     100
CTRIAR  10700280     233107301191073025110730128     120
CTRIAR    700281     133  730120  730251  730119     100
CTRIAR  10700281     233107301201073025110730119     120
CTRIAR    700282     133  730120  730099  730100     100
CTRIAR  10700282     233107301201073009910730100     120
CTRIAR    700283     133  730101  730251  730100     100
CTRIAR  10700283     233107301011073025110730100     120
CTRIAR    700284     133  730101  730250  730251     100
CTRIAR  10700284     233107301011073025010730251     120
CTRIAR    700285     133  730250  730101  730102     100
CTRIAR  10700285     233107302501073010110730102     120
CTRIAR    700286     133  730248  730131  730249     100
CTRIAR  10700286     233107302481073013110730249     120
CTRIAR    700287     133  730249  730103  730248     100
CTRIAR  10700287     233107302491073010310730248     120
CTRIAR    700288     133  730104  730248  730103     100
CTRIAR  10700288     233107301041073024810730103     120
CTRIAR    700289     133  730105  730247  730104     100
CTRIAR  10700289     233107301051073024710730104     120
CTRIAR    700290     133  730246  730133  730247     100
CTRIAR  10700290     233107302461073013310730247     120
CTRIAR    700291     133  730247  730132  730248     100
CTRIAR  10700291     233107302471073013210730248     120
CTRIAR    700292     133  730248  730104  730247     100
CTRIAR  10700292     233107302481073010410730247     120
CTRIAR    700293     133  730105  730246  730247     100
CTRIAR  10700293     233107301051073024610730247     120
CTRIAR    700294     133  730106  730246  730105     100
CTRIAR  10700294     233107301061073024610730105     120
CTRIAR    700295     133  730090  730134  730106     100
CTRIAR  10700295     233107300901073013410730106     120
CTRIAR    700296     133  730106  730134  730246     100
CTRIAR  10700296     233107301061073013410730246     120
CTRIAR    700297     133  730251  730250  730128     100
CTRIAR  10700297     233107302511073025010730128     120
CTRIAR    700298     133  730251  730120  730100     100
CTRIAR  10700298     233107302511073012010730100     120
CTRIAR    700299     133  730115  730098  730089     100
CTRIAR  10700299     233107301151073009810730089     120
CTRIAR    700300     133  730114  730252  730115     100
CTRIAR  10700300     233107301141073025210730115     120
CTRIAR    700301     133  730127  730252  730114     100
CTRIAR  10700301     233107301271073025210730114     120
CTRIAR    700302     133  730126  730097  730127     100
CTRIAR  10700302     233107301261073009710730127     120
CTRIAR    700303     133  730125  730256  730126     100
CTRIAR  10700303     233107301251073025610730126     120
CTRIAR    700304     133  730124  730253  730125     100
CTRIAR  10700304     233107301241073025310730125     120
CTRIAR    700305     133  730123  730255  730124     100
CTRIAR  10700305     233107301231073025510730124     120
CTRIAR    700306     133  730122  730254  730123     100
CTRIAR  10700306     233107301221073025410730123     120
CTRIAR    700307     133  730091  730092  730254     100
CTRIAR  10700307     233107300911073009210730254     120
CTRIAR    700308     133  730093  730254  730092     100
CTRIAR  10700308     233107300931073025410730092     120
CTRIAR    700309     133  730094  730255  730093     100
CTRIAR  10700309     233107300941073025510730093     120
CTRIAR    700310     133  730253  730124  730255     100
CTRIAR  10700310     233107302531073012410730255     120
CTRIAR    700311     133  730255  730094  730253     100
CTRIAR  10700311     233107302551073009410730253     120
CTRIAR    700312     133  730095  730253  730094     100
CTRIAR  10700312     233107300951073025310730094     120
CTRIAR    700313     133  730096  730256  730095     100
CTRIAR  10700313     233107300961073025610730095     120
CTRIAR    700314     133  730097  730126  730256     100
CTRIAR  10700314     233107300971073012610730256     120
CTRIAR    700315     133  730256  730096  730097     100
CTRIAR  10700315     233107302561073009610730097     120
CTRIAR    700316     133  730115  730252  730098     100
CTRIAR  10700316     233107301151073025210730098     120
CTRIAR    700317     133  730256  730253  730095     100
CTRIAR  10700317     233107302561073025310730095     120
CTRIAR    700318     133  730256  730125  730253     100
CTRIAR  10700318     233107302561073012510730253     120
CTRIAR    700319     133  730255  730254  730093     100
CTRIAR  10700319     233107302551073025410730093     120
CTRIAR    700320     133  730255  730123  730254     100
CTRIAR  10700320     233107302551073012310730254     120
CTRIAR    700321     133  730111  730114  730115     100
CTRIAR  10700321     233107301111073011410730115     120
CTRIAR    700322     133  730111  730115  730112     100
CTRIAR  10700322     233107301111073011510730112     120
CTRIAR    700323     133  730088  730112  730089     100
CTRIAR  10700323     233107300881073011210730089     120
CTRIAR    700324     133  730089  730112  730115     100
CTRIAR  10700324     233107300891073011210730115     120
CTRIAR    700325     133  730112  730108  730111     100
CTRIAR  10700325     233107301121073010810730111     120
CTRIAR    700326     133  730088  730109  730112     100
CTRIAR  10700326     233107300881073010910730112     120
CTRIAR    700327     133  730087  730109  730088     100
CTRIAR  10700327     233107300871073010910730088     120
CTRIAR    700328     133  730108  730112  730109     100
CTRIAR  10700328     233107301081073011210730109     120
CTRIAR    700329     133  730109   30053  730108     100
CTRIAR  10700329     233107301091003005310730108     120
CTRIAR    700330     133  730087   30052  730109     100
CTRIAR  10700330     233107300871003005210730109     120
CTRIAR    700331     133   30051   30052  730087     100
CTRIAR  10700331     233100300511003005210730087     120
CTRIAR    700332     133   30053  730109   30052     100
CTRIAR  10700332     233100300531073010910030052     120
CTRIAR    700333     133  730196  730098  730184     100
CTRIAR  10700333     233107301961073009810730184     120
CTRIAR    700334     133  730184  730097  730185     100
CTRIAR  10700334     233107301841073009710730185     120
CTRIAR    700335     133  730185  730096  730186     100
CTRIAR  10700335     233107301851073009610730186     120
CTRIAR    700336     133  730186  730095  730187     100
CTRIAR  10700336     233107301861073009510730187     120
CTRIAR    700337     133  730187  730094  730188     100
CTRIAR  10700337     233107301871073009410730188     120
CTRIAR    700338     133  730188  730093  730189     100
CTRIAR  10700338     233107301881073009310730189     120
CTRIAR    700339     133  730189  730092  730190     100
CTRIAR  10700339     233107301891073009210730190     120
CTRIAR    700340     133  730190  730091  730116     100
CTRIAR  10700340     233107301901073009110730116     120
CTRIAR    700341     133  730190  730116  730037     100
CTRIAR  10700341     2331073019010730116  730037     120
CTRIAR    700342     133  730189  730190  730038     100
CTRIAR  10700342     2331073018910730190  730038     120
CTRIAR    700343     133  730189  730039  730191     100
CTRIAR  10700343     23310730189  73003910730191     120
CTRIAR    700344     133  730191  730040  730192     100
CTRIAR  10700344     23310730191  73004010730192     120
CTRIAR    700345     133  730192  730041  730193     100
CTRIAR  10700345     23310730192  73004110730193     120
CTRIAR    700346     133  730193  730042  730194     100
CTRIAR  10700346     23310730193  73004210730194     120
CTRIAR    700347     133  730194  730043  730195     100
CTRIAR  10700347     23310730194  73004310730195     120
CTRIAR    700348     133  730195  730044  730196     100
CTRIAR  10700348     23310730195  73004410730196     120
CTRIAR    700349     133  730201  730104  730200     100
CTRIAR  10700349     233107302011073010410730200     120
CTRIAR    700350     133  730200  730103  730199     100
CTRIAR  10700350     233107302001073010310730199     120
CTRIAR    700351     133  730199  730102  730198     100
CTRIAR  10700351     233107301991073010210730198     120
CTRIAR    700352     133  730198  730101  730197     100
CTRIAR  10700352     233107301981073010110730197     120
CTRIAR    700353     133  730197  730100  730203     100
CTRIAR  10700353     233107301971073010010730203     120
CTRIAR    700354     133  730220  730129  730211     100
CTRIAR  10700354     233107302201073012910730211     120
CTRIAR    700355     133  730211  730130  730212     100
CTRIAR  10700355     233107302111073013010730212     120
CTRIAR    700356     133  730212  730131  730213     100
CTRIAR  10700356     233107302121073013110730213     120
CTRIAR    700357     133  730213  730132  730214     100
CTRIAR  10700357     233107302131073013210730214     120
CTRIAR    700358     133  730214  730133  730215     100
CTRIAR  10700358     233107302141073013310730215     120
CTRIAR    700359     133  730215  730134  730145     100
CTRIAR  10700359     233107302151073013410730145     120
CTRIAR    700360     133  730215  730145  730159     100
CTRIAR  10700360     233107302151073014510730159     120
CTRIAR    700361     133  730214  730215  730158     100
CTRIAR  10700361     233107302141073021510730158     120
CTRIAR    700362     133  730214  730157  730216     100
CTRIAR  10700362     233107302141073015710730216     120
CTRIAR    700363     133  730216  730156  730217     100
CTRIAR  10700363     233107302161073015610730217     120
CTRIAR    700364     133  730217  730155  730218     100
CTRIAR  10700364     233107302171073015510730218     120
CTRIAR    700365     133  730218  730154  730219     100
CTRIAR  10700365     233107302181073015410730219     120
CTRIAR    700366     133  730219  730146  730220     100
CTRIAR  10700366     233107302191073014610730220     120
CTRIAR    700367     133  730221  730142  730222     100
CTRIAR  10700367     233107302211073014210730222     120
CTRIAR    700368     133  730222  730153  730227     100
CTRIAR  10700368     233107302221073015310730227     120
CTRIAR    700369     133  730227  730152  730226     100
CTRIAR  10700369     233107302271073015210730226     120
CTRIAR    700370     133  730226  730151  730225     100
CTRIAR  10700370     233107302261073015110730225     120
CTRIAR    700371     133  730225  730150  730223     100
CTRIAR  10700371     233107302251073015010730223     120
CTRIAR    700372     133  730223  730149  730224     100
CTRIAR  10700372     233107302231073014910730224     120
CTRIAR    700373     133  730224  730148  730145     100
CTRIAR  10700373     233107302241073014810730145     120
CTRIAR    700374     133  730224  730145  730121     100
CTRIAR  10700374     233107302241073014510730121     120
CTRIAR    700375     133  730223  730224  730122     100
CTRIAR  10700375     233107302231073022410730122     120
CTRIAR    700376     133  730223  730123  730225     100
CTRIAR  10700376     233107302231073012310730225     120
CTRIAR    700377     133  730225  730124  730226     100
CTRIAR  10700377     233107302251073012410730226     120
CTRIAR    700378     133  730226  730125  730227     100
CTRIAR  10700378     233107302261073012510730227     120
CTRIAR    700379     133  730227  730126  730221     100
CTRIAR  10700379     233107302271073012610730221     120
CTRIAR    700380     133  730239  730238  730120     100
CTRIAR  10700380     233107302391073023810730120     120
CTRIAR    700381     133  730239  730119  730240     100
CTRIAR  10700381     233107302391073011910730240     120
CTRIAR    700382     133  730240  730147  730077     100
CTRIAR  10700382     233107302401073014710730077     120
CTRIAR    700383     133  730078  730239  730240     100
CTRIAR  10700383     233107300781073023910730240     120
CTRIAR    700384     133  730239  730078  730241     100
CTRIAR  10700384     233107302391073007810730241     120
CTRIAR    700385     133  730241  730079  730242     100
CTRIAR  10700385     233107302411073007910730242     120
CTRIAR    700386     133  730242  730080  730243     100
CTRIAR  10700386     233107302421073008010730243     120
CTRIAR    700387     133  730243  730081  730244     100
CTRIAR  10700387     233107302431073008110730244     120
CTRIAR    700388     133  730244  730082  730245     100
CTRIAR  10700388     233107302441073008210730245     120
CTRIAR    700389     133  730245  730083  730232     100
CTRIAR  10700389     233107302451073008310730232     120
CTRIAR    700390     133  730236  730235  730026     100
CTRIAR  10700390     2331073023610730235  730026     120
CTRIAR    700391     133  730236  730118  730237     100
CTRIAR  10700391     233107302361073011810730237     120
CTRIAR    700392     133  730237  730099  730238     100
CTRIAR  10700392     233107302371073009910730238     120
CTRIAR    700393     133  730238  730239  730241     100
CTRIAR  10700393     233107302381073023910730241     120
CTRIAR    700394     133  730233  730232  730023     100
CTRIAR  10700394     2331073023310730232  730023     120
CTRIAR    700395     133  730232  730233  730245     100
CTRIAR  10700395     233107302321073023310730245     120
CTRIAR    700396     133  730184  730195  730196     100
CTRIAR  10700396     233107301841073019510730196     120
CTRIAR    700397     133  730195  730184  730185     100
CTRIAR  10700397     233107301951073018410730185     120
CTRIAR    700398     133  730185  730194  730195     100
CTRIAR  10700398     233107301851073019410730195     120
CTRIAR    700399     133  730194  730185  730186     100
CTRIAR  10700399     233107301941073018510730186     120
CTRIAR    700400     133  730186  730193  730194     100
CTRIAR  10700400     233107301861073019310730194     120
CTRIAR    700401     133  730193  730186  730187     100
CTRIAR  10700401     233107301931073018610730187     120
CTRIAR    700402     133  730187  730192  730193     100
CTRIAR  10700402     233107301871073019210730193     120
CTRIAR    700403     133  730192  730187  730188     100
CTRIAR  10700403     233107301921073018710730188     120
CTRIAR    700404     133  730188  730191  730192     100
CTRIAR  10700404     233107301881073019110730192     120
CTRIAR    700405     133  730191  730188  730189     100
CTRIAR  10700405     233107301911073018810730189     120
CTRIAR    700406     133  730216  730213  730214     100
CTRIAR  10700406     233107302161073021310730214     120
CTRIAR    700407     133  730216  730212  730213     100
CTRIAR  10700407     233107302161073021210730213     120
CTRIAR    700408     133  730212  730216  730217     100
CTRIAR  10700408     233107302121073021610730217     120
CTRIAR    700409     133  730211  730219  730220     100
CTRIAR  10700409     233107302111073021910730220     120
CTRIAR    700410     133  730211  730218  730219     100
CTRIAR  10700410     233107302111073021810730219     120
CTRIAR    700411     133  730211  730217  730218     100
CTRIAR  10700411     233107302111073021710730218     120
CTRIAR    700412     133  730217  730211  730212     100
CTRIAR  10700412     233107302171073021110730212     120
CTRIAR    700413     133  730222  730227  730221     100
CTRIAR  10700413     233107302221073022710730221     120
CTRIAR    700414     133  730234  730233  730024     100
CTRIAR  10700414     2331073023410730233  730024     120
CTRIAR    700415     133  730234  730025  730235     100
CTRIAR  10700415     23310730234  73002510730235     120
CTRIAR    700416     133  730236  730257  730235     100
CTRIAR  10700416     233107302361073025710730235     120
CTRIAR    700417     133  730257  730236  730237     100
CTRIAR  10700417     233107302571073023610730237     120
CTRIAR    700418     133  730237  730258  730257     100
CTRIAR  10700418     233107302371073025810730257     120
CTRIAR    700419     133  730258  730237  730238     100
CTRIAR  10700419     233107302581073023710730238     120
CTRIAR    700420     133  730258  730238  730241     100
CTRIAR  10700420     233107302581073023810730241     120
CTRIAR    700421     133  730258  730241  730242     100
CTRIAR  10700421     233107302581073024110730242     120
CTRIAR    700422     133  730242  730257  730258     100
CTRIAR  10700422     233107302421073025710730258     120
CTRIAR    700423     133  730257  730242  730243     100
CTRIAR  10700423     233107302571073024210730243     120
CTRIAR    700424     133  730243  730259  730257     100
CTRIAR  10700424     233107302431073025910730257     120
CTRIAR    700425     133  730259  730243  730244     100
CTRIAR  10700425     233107302591073024310730244     120
CTRIAR    700426     133  730244  730260  730259     100
CTRIAR  10700426     233107302441073026010730259     120
CTRIAR    700427     133  730260  730244  730245     100
CTRIAR  10700427     233107302601073024410730245     120
CTRIAR    700428     133  730260  730245  730233     100
CTRIAR  10700428     233107302601073024510730233     120
CTRIAR    700429     133  730260  730233  730234     100
CTRIAR  10700429     233107302601073023310730234     120
CTRIAR    700430     133  730259  730235  730257     100
CTRIAR  10700430     233107302591073023510730257     120
CTRIAR    700431     133  730259  730234  730235     100
CTRIAR  10700431     233107302591073023410730235     120
CTRIAR    700432     133  730234  730259  730260     100
CTRIAR  10700432     233107302341073025910730260     120
CTRIAR    700433     133  730163  730079  730162     100
CTRIAR  10700433     233107301631073007910730162     120
CTRIAR    700434     133  730078  730162  730079     100
CTRIAR  10700434     233107300781073016210730079     120
CTRIAR    700435     133  730129  730250  730130     100
CTRIAR  10700435     233107301291073025010730130     120
CTRIAR    700436     133  730103  730249  730102     100
CTRIAR  10700436     233107301031073024910730102     120
CTRIAR    700437     133  730130  730250  730249     100
CTRIAR  10700437     233107301301073025010730249     120
CTRIAR    700438     133  730102  730249  730250     100
CTRIAR  10700438     233107301021073024910730250     120
CTRIAR    700439     133  730091  730254  730121     100
CTRIAR  10700439     233107300911073025410730121     120
CTRIAR    700440     133  730122  730121  730254     100
CTRIAR  10700440     233107301221073012110730254     120
CTRIAR    700441     133  730090  730091  730117     100
CTRIAR  10700441     233107300901073009110730117     120
CTRIAR    700442     133  730121  730117  730091     100
CTRIAR  10700442     233107301211073011710730091     120
CTRIAR    700443     133  730098  730252  730097     100
CTRIAR  10700443     233107300981073025210730097     120
CTRIAR    700444     133  730127  730097  730252     100
CTRIAR  10700444     233107301271073009710730252     120
