CTRIAR    610001     121  520070  612901  520129     106
CTRIAR  10610001     121105200701061290110520129     126
CTRIAR    610002     121  607001  612901  520070     106
CTRIAR  10610002     121106070011061290110520070     126
CTRIAR    610003     121  602301  420023  420067     106
CTRIAR  10610003     121106023011042002310420067     126
CTRIAR    610004     121  420067  606701  602301     106
CTRIAR  10610004     121104200671060670110602301     126
CTRIAR    610005     121  607001  606701  420067     106
CTRIAR  10610005     121106070011060670110420067     126
CTRIAR    610006     121  420067  420070  607001     106
CTRIAR  10610006     121104200671042007010607001     126
CTRIAR    610007     121  420143  614301  420129     106
CTRIAR  10610007     121104201431061430110420129     126
CTRIAR    610008     121  420129  614301  612901     106
CTRIAR  10610008     121104201291061430110612901     126
CTRIAR    610009     121  420129  612901  607001     106
CTRIAR  10610009     121104201291061290110607001     126
CTRIAR    610010     121  607001  420070  420129     106
CTRIAR  10610010     121106070011042007010420129     126
CTRIAR    610011     121  602301  606701  520067     106
CTRIAR  10610011     121106023011060670110520067     126
CTRIAR    610012     121  520067  520023  602301     106
CTRIAR  10610012     121105200671052002310602301     126
CTRIAR    610013     121  607001  520070  520067     106
CTRIAR  10610013     121106070011052007010520067     126
CTRIAR    610014     121  520067  606701  607001     106
CTRIAR  10610014     121105200671060670110607001     126
CTRIAR    610015     121  420165  420175  617501     106
CTRIAR  10610015     121104201651042017510617501     126
CTRIAR    610016     121  617501  616501  420165     106
CTRIAR  10610016     121106175011061650110420165     126
CTRIAR    610017     121  420165  616501  420166     106
CTRIAR  10610017     121104201651061650110420166     126
CTRIAR    610018     121  616501  616601  420166     106
CTRIAR  10610018     121106165011061660110420166     126
CTRIAR    610019     121  420166  616601  615401     106
CTRIAR  10610019     121104201661061660110615401     126
CTRIAR    610020     121  615401  420154  420166     106
CTRIAR  10610020     121106154011042015410420166     126
CTRIAR    610021     121  420142  614301  420143     106
CTRIAR  10610021     121104201421061430110420143     126
CTRIAR    610022     121  614201  614301  420142     106
CTRIAR  10610022     121106142011061430110420142     126
CTRIAR    610023     121  420142  420154  615401     106
CTRIAR  10610023     121104201421042015410615401     126
CTRIAR    610024     121  420142  615401  614201     106
CTRIAR  10610024     121104201421061540110614201     126
CTRIAR    610025     121  618201  420182  110057     106
CTRIAR  10610025     121106182011042018210110057     126
CTRIAR    610026     121  618201  110057  305701     106
CTRIAR  10610026     121106182011011005710305701     126
CTRIAR    610027     121  420175  420182  618201     106
CTRIAR  10610027     121104201751042018210618201     126
CTRIAR    610028     121  618201  617501  420175     106
CTRIAR  10610028     121106182011061750110420175     126
CTRIAR    610029     121  618201  210057  520182     106
CTRIAR  10610029     121106182011021005710520182     126
CTRIAR    610030     121  305701  210057  618201     106
CTRIAR  10610030     121103057011021005710618201     126
CTRIAR    610031     121  617501  618201  520175     106
CTRIAR  10610031     121106175011061820110520175     126
CTRIAR    610032     121  520175  618201  520182     106
CTRIAR  10610032     121105201751061820110520182     126
CTRIAR    610033     121  520129  612901  520143     106
CTRIAR  10610033     121105201291061290110520143     126
CTRIAR    610034     121  612901  614301  520143     106
CTRIAR  10610034     121106129011061430110520143     126
CTRIAR    610035     121  520143  614301  614201     106
CTRIAR  10610035     121105201431061430110614201     126
CTRIAR    610036     121  614201  520142  520143     106
CTRIAR  10610036     121106142011052014210520143     126
CTRIAR    610037     121  615401  616601  520154     106
CTRIAR  10610037     121106154011061660110520154     126
CTRIAR    610038     121  616601  520166  520154     106
CTRIAR  10610038     121106166011052016610520154     126
CTRIAR    610039     121  614201  615401  520154     106
CTRIAR  10610039     121106142011061540110520154     126
CTRIAR    610040     121  520154  520142  614201     106
CTRIAR  10610040     121105201541052014210614201     126
CTRIAR    610041     121  520165  616601  616501     106
CTRIAR  10610041     121105201651061660110616501     126
CTRIAR    610042     121  520165  520166  616601     106
CTRIAR  10610042     121105201651052016610616601     126
CTRIAR    610043     121  616501  617501  520165     106
CTRIAR  10610043     121106165011061750110520165     126
CTRIAR    610044     121  617501  520175  520165     106
CTRIAR  10610044     121106175011052017510520165     126
