CTRIAR    630001     122  420178  420099  609901     103
CTRIAR  10630001     122104201781042009910609901     123
CTRIAR    630002     122  609901  617801  420178     103
CTRIAR  10630002     122106099011061780110420178     123
CTRIAR    630003     122  520178  617801  609901     103
CTRIAR  10630003     122105201781061780110609901     123
CTRIAR    630004     122  609901  520099  520178     103
CTRIAR  10630004     122106099011052009910520178     123
CTRIAR    630005     122  420179  420178  617901     103
CTRIAR  10630005     122104201791042017810617901     123
CTRIAR    630006     122  617901  420178  617801     103
CTRIAR  10630006     122106179011042017810617801     123
CTRIAR    630007     122  617801  520178  617901     103
CTRIAR  10630007     122106178011052017810617901     123
CTRIAR    630008     122  617901  520178  520179     103
CTRIAR  10630008     122106179011052017810520179     123
CTRIAR    630009     122  420179  617901  420175     103
CTRIAR  10630009     122104201791061790110420175     123
CTRIAR    630010     122  420175  617901  617501     103
CTRIAR  10630010     122104201751061790110617501     123
CTRIAR    630011     122  611401  420114  420174     103
CTRIAR  10630011     122106114011042011410420174     123
CTRIAR    630012     122  420174  617401  611401     103
CTRIAR  10630012     122104201741061740110611401     123
CTRIAR    630013     122  520175  617901  520179     103
CTRIAR  10630013     122105201751061790110520179     123
CTRIAR    630014     122  617501  617901  520175     103
CTRIAR  10630014     122106175011061790110520175     123
CTRIAR    630015     122  420176  420175  617601     103
CTRIAR  10630015     122104201761042017510617601     123
CTRIAR    630016     122  617601  420175  617501     103
CTRIAR  10630016     122106176011042017510617501     123
CTRIAR    630017     122  617601  520175  520176     103
CTRIAR  10630017     122106176011052017510520176     123
CTRIAR    630018     122  617501  520175  617601     103
CTRIAR  10630018     122106175011052017510617601     123
CTRIAR    630019     122  420177  420176  617701     103
CTRIAR  10630019     122104201771042017610617701     123
CTRIAR    630020     122  420176  617601  617701     103
CTRIAR  10630020     122104201761061760110617701     123
CTRIAR    630021     122  617701  617601  520176     103
CTRIAR  10630021     122106177011061760110520176     123
CTRIAR    630022     122  520176  520177  617701     103
CTRIAR  10630022     122105201761052017710617701     123
CTRIAR    630023     122  617701  420174  420177     103
CTRIAR  10630023     122106177011042017410420177     123
CTRIAR    630024     122  617401  420174  617701     103
CTRIAR  10630024     122106174011042017410617701     123
CTRIAR    630025     122  611401  617401  520174     103
CTRIAR  10630025     122106114011061740110520174     123
CTRIAR    630026     122  520174  520114  611401     103
CTRIAR  10630026     122105201741052011410611401     123
CTRIAR    630027     122  520174  617701  520177     103
CTRIAR  10630027     122105201741061770110520177     123
CTRIAR    630028     122  617401  617701  520174     103
CTRIAR  10630028     122106174011061770110520174     123
CTRIAR    630029     122  420160  420159  616001     103
CTRIAR  10630029     122104201601042015910616001     123
CTRIAR    630030     122  616001  420159  615901     103
CTRIAR  10630030     122106160011042015910615901     123
CTRIAR    630031     122  616001  520159  520160     103
CTRIAR  10630031     122106160011052015910520160     123
CTRIAR    630032     122  615901  520159  616001     103
CTRIAR  10630032     122106159011052015910616001     123
CTRIAR    630033     122  420158  420092  609201     103
CTRIAR  10630033     122104201581042009210609201     123
CTRIAR    630034     122  609201  615801  420158     103
CTRIAR  10630034     122106092011061580110420158     123
CTRIAR    630035     122  615901  420159  420158     103
CTRIAR  10630035     122106159011042015910420158     123
CTRIAR    630036     122  420158  615801  615901     103
CTRIAR  10630036     122104201581061580110615901     123
CTRIAR    630037     122  420160  616001  420154     103
CTRIAR  10630037     122104201601061600110420154     123
CTRIAR    630038     122  420154  616001  615401     103
CTRIAR  10630038     122104201541061600110615401     123
CTRIAR    630039     122  520158  615801  609201     103
CTRIAR  10630039     122105201581061580110609201     123
CTRIAR    630040     122  609201  520092  520158     103
CTRIAR  10630040     122106092011052009210520158     123
CTRIAR    630041     122  520158  520159  615901     103
CTRIAR  10630041     122105201581052015910615901     123
CTRIAR    630042     122  615901  615801  520158     103
CTRIAR  10630042     122106159011061580110520158     123
CTRIAR    630043     122  611001  420110  420153     103
CTRIAR  10630043     122106110011042011010420153     123
CTRIAR    630044     122  420153  615301  611001     103
CTRIAR  10630044     122104201531061530110611001     123
CTRIAR    630045     122  420156  420155  615501     103
CTRIAR  10630045     122104201561042015510615501     123
CTRIAR    630046     122  615501  615601  420156     103
CTRIAR  10630046     122106155011061560110420156     123
CTRIAR    630047     122  420155  420154  615501     103
CTRIAR  10630047     122104201551042015410615501     123
CTRIAR    630048     122  615501  420154  615401     103
CTRIAR  10630048     122106155011042015410615401     123
CTRIAR    630049     122  520154  616001  520160     103
CTRIAR  10630049     122105201541061600110520160     123
CTRIAR    630050     122  615401  616001  520154     103
CTRIAR  10630050     122106154011061600110520154     123
CTRIAR    630051     122  520154  615501  615401     103
CTRIAR  10630051     122105201541061550110615401     123
CTRIAR    630052     122  520155  615501  520154     103
CTRIAR  10630052     122105201551061550110520154     123
CTRIAR    630053     122  611001  615301  520153     103
CTRIAR  10630053     122106110011061530110520153     123
CTRIAR    630054     122  520153  520110  611001     103
CTRIAR  10630054     122105201531052011010611001     123
CTRIAR    630055     122  615701  420153  420157     103
CTRIAR  10630055     122106157011042015310420157     123
CTRIAR    630056     122  615301  420153  615701     103
CTRIAR  10630056     122106153011042015310615701     123
CTRIAR    630057     122  520157  520153  615701     103
CTRIAR  10630057     122105201571052015310615701     123
CTRIAR    630058     122  615701  520153  615301     103
CTRIAR  10630058     122106157011052015310615301     123
CTRIAR    630059     122  615701  420157  420156     103
CTRIAR  10630059     122106157011042015710420156     123
CTRIAR    630060     122  420156  615601  615701     103
CTRIAR  10630060     122104201561061560110615701     123
CTRIAR    630061     122  615601  615501  520156     103
CTRIAR  10630061     122106156011061550110520156     123
CTRIAR    630062     122  520156  615501  520155     103
CTRIAR  10630062     122105201561061550110520155     123
CTRIAR    630063     122  520157  615701  520156     103
CTRIAR  10630063     122105201571061570110520156     123
CTRIAR    630064     122  520156  615701  615601     103
CTRIAR  10630064     122105201561061570110615601     123
CTRIAR    630065     122  610601  420106  607401     103
CTRIAR  10630065     122106106011042010610607401     123
CTRIAR    630066     122  607401  420106  420074     103
CTRIAR  10630066     122106074011042010610420074     123
CTRIAR    630067     122  420129  420137  613701     103
CTRIAR  10630067     122104201291042013710613701     123
CTRIAR    630068     122  612901  420129  613701     103
CTRIAR  10630068     122106129011042012910613701     123
CTRIAR    630069     122  613601  613701  420136     103
CTRIAR  10630069     122106136011061370110420136     123
CTRIAR    630070     122  420136  613701  420137     103
CTRIAR  10630070     122104201361061370110420137     123
CTRIAR    630071     122  612901  613001  420130     103
CTRIAR  10630071     122106129011061300110420130     123
CTRIAR    630072     122  420130  420129  612901     103
CTRIAR  10630072     122104201301042012910612901     123
CTRIAR    630073     122  613001  613101  420130     103
CTRIAR  10630073     122106130011061310110420130     123
CTRIAR    630074     122  420130  613101  420131     103
CTRIAR  10630074     122104201301061310110420131     123
CTRIAR    630075     122  613301  607401  420133     103
CTRIAR  10630075     122106133011060740110420133     123
CTRIAR    630076     122  420133  607401  420074     103
CTRIAR  10630076     122104201331060740110420074     123
CTRIAR    630077     122  420134  420085  608501     103
CTRIAR  10630077     122104201341042008510608501     123
CTRIAR    630078     122  608501  613401  420134     103
CTRIAR  10630078     122106085011061340110420134     123
CTRIAR    630079     122  420131  613101  420132     103
CTRIAR  10630079     122104201311061310110420132     123
CTRIAR    630080     122  420132  613101  613201     103
CTRIAR  10630080     122104201321061310110613201     123
CTRIAR    630081     122  613301  420133  420132     103
CTRIAR  10630081     122106133011042013310420132     123
CTRIAR    630082     122  613201  613301  420132     103
CTRIAR  10630082     122106132011061330110420132     123
CTRIAR    630083     122  613601  420136  420135     103
CTRIAR  10630083     122106136011042013610420135     123
CTRIAR    630084     122  420135  613501  613601     103
CTRIAR  10630084     122104201351061350110613601     123
CTRIAR    630085     122  420135  420134  613401     103
CTRIAR  10630085     122104201351042013410613401     123
CTRIAR    630086     122  420135  613401  613501     103
CTRIAR  10630086     122104201351061340110613501     123
CTRIAR    630087     122  610601  607401  520106     103
CTRIAR  10630087     122106106011060740110520106     123
CTRIAR    630088     122  607401  520074  520106     103
CTRIAR  10630088     122106074011052007410520106     123
CTRIAR    630089     122  520133  607401  613301     103
CTRIAR  10630089     122105201331060740110613301     123
CTRIAR    630090     122  520133  520074  607401     103
CTRIAR  10630090     122105201331052007410607401     123
CTRIAR    630091     122  613501  613401  520134     103
CTRIAR  10630091     122106135011061340110520134     123
CTRIAR    630092     122  520134  520135  613501     103
CTRIAR  10630092     122105201341052013510613501     123
CTRIAR    630093     122  520134  613401  608501     103
CTRIAR  10630093     122105201341061340110608501     123
CTRIAR    630094     122  608501  520085  520134     103
CTRIAR  10630094     122106085011052008510520134     123
CTRIAR    630095     122  520130  613101  613001     103
CTRIAR  10630095     122105201301061310110613001     123
CTRIAR    630096     122  520130  520131  613101     103
CTRIAR  10630096     122105201301052013110613101     123
CTRIAR    630097     122  520130  613001  612901     103
CTRIAR  10630097     122105201301061300110612901     123
CTRIAR    630098     122  612901  520129  520130     103
CTRIAR  10630098     122106129011052012910520130     123
CTRIAR    630099     122  612901  613701  520137     103
CTRIAR  10630099     122106129011061370110520137     123
CTRIAR    630100     122  520137  520129  612901     103
CTRIAR  10630100     122105201371052012910612901     123
CTRIAR    630101     122  613201  613101  520132     103
CTRIAR  10630101     122106132011061310110520132     123
CTRIAR    630102     122  613101  520131  520132     103
CTRIAR  10630102     122106131011052013110520132     123
CTRIAR    630103     122  520132  613301  613201     103
CTRIAR  10630103     122105201321061330110613201     123
CTRIAR    630104     122  520132  520133  613301     103
CTRIAR  10630104     122105201321052013310613301     123
CTRIAR    630105     122  613601  613501  520136     103
CTRIAR  10630105     122106136011061350110520136     123
CTRIAR    630106     122  613501  520135  520136     103
CTRIAR  10630106     122106135011052013510520136     123
CTRIAR    630107     122  520136  613701  613601     103
CTRIAR  10630107     122105201361061370110613601     123
CTRIAR    630108     122  520136  520137  613701     103
CTRIAR  10630108     122105201361052013710613701     123
CTRIAR    630109     122  420057  605701  420062     103
CTRIAR  10630109     122104200571060570110420062     123
CTRIAR    630110     122  420062  605701  606201     103
CTRIAR  10630110     122104200621060570110606201     123
CTRIAR    630111     122  520116  520117  611701     103
CTRIAR  10630111     122105201161052011710611701     123
CTRIAR    630112     122  611701  611601  520116     103
CTRIAR  10630112     122106117011061160110520116     123
CTRIAR    630113     122  420116  611601  611701     103
CTRIAR  10630113     122104201161061160110611701     123
CTRIAR    630114     122  611701  420117  420116     103
CTRIAR  10630114     122106117011042011710420116     123
CTRIAR    630115     122  420067  605701  420057     103
CTRIAR  10630115     122104200671060570110420057     123
CTRIAR    630116     122  606701  605701  420067     103
CTRIAR  10630116     122106067011060570110420067     123
CTRIAR    630117     122  420067  420119  611901     103
CTRIAR  10630117     122104200671042011910611901     123
CTRIAR    630118     122  611901  606701  420067     103
CTRIAR  10630118     122106119011060670110420067     123
CTRIAR    630119     122  606201  605701  520062     103
CTRIAR  10630119     122106062011060570110520062     123
CTRIAR    630120     122  520062  605701  520057     103
CTRIAR  10630120     122105200621060570110520057     123
CTRIAR    630121     122  520067  605701  606701     103
CTRIAR  10630121     122105200671060570110606701     123
CTRIAR    630122     122  520057  605701  520067     103
CTRIAR  10630122     122105200571060570110520067     123
CTRIAR    630123     122  520067  606701  611901     103
CTRIAR  10630123     122105200671060670110611901     123
CTRIAR    630124     122  611901  520119  520067     103
CTRIAR  10630124     122106119011052011910520067     123
CTRIAR    630125     122  606501  420065  420064     103
CTRIAR  10630125     122106065011042006510420064     123
CTRIAR    630126     122  606501  420064  606401     103
CTRIAR  10630126     122106065011042006410606401     123
CTRIAR    630127     122  420065  606501  420066     103
CTRIAR  10630127     122104200651060650110420066     123
CTRIAR    630128     122  420066  606501  606601     103
CTRIAR  10630128     122104200661060650110606601     123
CTRIAR    630129     122  607601  520076  520115     103
CTRIAR  10630129     122106076011052007610520115     123
CTRIAR    630130     122  520115  611501  607601     103
CTRIAR  10630130     122105201151061150110607601     123
CTRIAR    630131     122  520115  520116  611601     103
CTRIAR  10630131     122105201151052011610611601     123
CTRIAR    630132     122  611601  611501  520115     103
CTRIAR  10630132     122106116011061150110520115     123
CTRIAR    630133     122  607601  611501  420115     103
CTRIAR  10630133     122106076011061150110420115     123
CTRIAR    630134     122  420115  420076  607601     103
CTRIAR  10630134     122104201151042007610607601     123
CTRIAR    630135     122  611601  420116  420115     103
CTRIAR  10630135     122106116011042011610420115     123
CTRIAR    630136     122  420115  611501  611601     103
CTRIAR  10630136     122104201151061150110611601     123
CTRIAR    630137     122  520061  520102  610201     103
CTRIAR  10630137     122105200611052010210610201     123
CTRIAR    630138     122  610201  606101  520061     103
CTRIAR  10630138     122106102011060610110520061     123
CTRIAR    630139     122  520061  606101  606601     103
CTRIAR  10630139     122105200611060610110606601     123
CTRIAR    630140     122  606601  520066  520061     103
CTRIAR  10630140     122106066011052006610520061     123
CTRIAR    630141     122  520065  606501  606401     103
CTRIAR  10630141     122105200651060650110606401     123
CTRIAR    630142     122  606401  520064  520065     103
CTRIAR  10630142     122106064011052006410520065     123
CTRIAR    630143     122  606601  606501  520065     103
CTRIAR  10630143     122106066011060650110520065     123
CTRIAR    630144     122  520065  520066  606601     103
CTRIAR  10630144     122105200651052006610606601     123
CTRIAR    630145     122  420061  606101  610201     103
CTRIAR  10630145     122104200611060610110610201     123
CTRIAR    630146     122  610201  420102  420061     103
CTRIAR  10630146     122106102011042010210420061     123
CTRIAR    630147     122  420061  420066  606601     103
CTRIAR  10630147     122104200611042006610606601     123
CTRIAR    630148     122  606601  606101  420061     103
CTRIAR  10630148     122106066011060610110420061     123
CTRIAR    630149     122  611901  420119  611801     103
CTRIAR  10630149     122106119011042011910611801     123
CTRIAR    630150     122  420119  420118  611801     103
CTRIAR  10630150     122104201191042011810611801     123
CTRIAR    630151     122  611801  520119  611901     103
CTRIAR  10630151     122106118011052011910611901     123
CTRIAR    630152     122  611801  520118  520119     103
CTRIAR  10630152     122106118011052011810520119     123
CTRIAR    630153     122  611801  420117  611701     103
CTRIAR  10630153     122106118011042011710611701     123
CTRIAR    630154     122  611801  420118  420117     103
CTRIAR  10630154     122106118011042011810420117     123
CTRIAR    630155     122  611701  520117  611801     103
CTRIAR  10630155     122106117011052011710611801     123
CTRIAR    630156     122  520117  520118  611801     103
CTRIAR  10630156     122105201171052011810611801     123
CTRIAR    630157     122  420064  420063  606301     103
CTRIAR  10630157     122104200641042006310606301     123
CTRIAR    630158     122  606401  420064  606301     103
CTRIAR  10630158     122106064011042006410606301     123
CTRIAR    630159     122  606301  520063  520064     103
CTRIAR  10630159     122106063011052006310520064     123
CTRIAR    630160     122  606301  520064  606401     103
CTRIAR  10630160     122106063011052006410606401     123
CTRIAR    630161     122  606301  420062  606201     103
CTRIAR  10630161     122106063011042006210606201     123
CTRIAR    630162     122  606301  420063  420062     103
CTRIAR  10630162     122106063011042006310420062     123
CTRIAR    630163     122  606201  520062  606301     103
CTRIAR  10630163     122106062011052006210606301     123
CTRIAR    630164     122  520062  520063  606301     103
CTRIAR  10630164     122105200621052006310606301     123
CTRIAR    630165     122   20003  420111  611101     704
CTRIAR  10630165     122100200031042011110611101     724
CTRIAR    630166     122  611101  520111   20003     704
CTRIAR  10630166     122106111011052011110020003     724
CTRIAR    630167     122  420111  420114  611101     704
CTRIAR  10630167     122104201111042011410611101     724
CTRIAR    630168     122  611101  420114  611401     704
CTRIAR  10630168     122106111011042011410611401     724
CTRIAR    630169     122  611401  520114  611101     704
CTRIAR  10630169     122106114011052011410611101     724
CTRIAR    630170     122  611101  520114  520111     704
CTRIAR  10630170     122106111011052011410520111     724
$CTRIAR    630171     122   20006  420107  610701     704
$CTRIAR  10630171     122100200061042010710610701     724
$CTRIAR    630172     122  610701  520107   20006     704
$CTRIAR  10630172     122106107011052010710020006     724
$CTRIAR    630173     122  420107  420110  610701     704
$CTRIAR  10630173     122104201071042011010610701     724
$CTRIAR    630174     122  610701  420110  611001     704
$CTRIAR  10630174     122106107011042011010611001     724
$CTRIAR    630175     122  611001  520110  610701     704
$CTRIAR  10630175     122106110011052011010610701     724
$CTRIAR    630176     122  610701  520110  520107     704
$CTRIAR  10630176     122106107011052011010520107     724
$CTRIAR    630177     122   20009  420103  610301     704
$CTRIAR  10630177     122100200091042010310610301     724
$CTRIAR    630178     122  610301  520103   20009     704
$CTRIAR  10630178     122106103011052010310020009     724
$CTRIAR    630179     122  420103  420106  610301     704
$CTRIAR  10630179     122104201031042010610610301     724
$CTRIAR    630180     122  610301  420106  610601     704
$CTRIAR  10630180     122106103011042010610610601     724
$CTRIAR    630181     122  610601  520106  610301     704
$CTRIAR  10630181     122106106011052010610610301     724
$CTRIAR    630182     122  610301  520106  520103     704
$CTRIAR  10630182     122106103011052010610520103     724
CTRIAR    630183     122   20012  420101  610101     704
CTRIAR  10630183     122100200121042010110610101     724
CTRIAR    630184     122  610101  520101   20012     704
CTRIAR  10630184     122106101011052010110020012     724
CTRIAR    630185     122  420101  420102  610101     704
CTRIAR  10630185     122104201011042010210610101     724
CTRIAR    630186     122  610101  420102  610201     704
CTRIAR  10630186     122106101011042010210610201     724
CTRIAR    630187     122  610201  520102  610101     704
CTRIAR  10630187     122106102011052010210610101     724
CTRIAR    630188     122  610101  520102  520101     704
CTRIAR  10630188     122106101011052010210520101     724
CTRIAR    630189     122  605501  420055  420056     703
CTRIAR  10630189     122106055011042005510420056     723
CTRIAR    630190     122  420056  605601  605501     703
CTRIAR  10630190     122104200561060560110605501     723
CTRIAR    630191     122  605501  605601  520056     703
CTRIAR  10630191     122106055011060560110520056     723
CTRIAR    630192     122  520056  520055  605501     703
CTRIAR  10630192     122105200561052005510605501     723
CTRIAR    630193     122  605401  420056  420054     703
CTRIAR  10630193     122106054011042005610420054     723
CTRIAR    630194     122  605601  420056  605401     703
CTRIAR  10630194     122106056011042005610605401     723
CTRIAR    630195     122  520054  520056  605401     703
CTRIAR  10630195     122105200541052005610605401     723
CTRIAR    630196     122  605401  520056  605601     703
CTRIAR  10630196     122106054011052005610605601     723
CTRIAR    630197     122  420060  605401  420054     703
CTRIAR  10630197     122104200601060540110420054     723
CTRIAR    630198     122  606001  605401  420060     703
CTRIAR  10630198     122106060011060540110420060     723
CTRIAR    630199     122  420060  420059  605901     703
CTRIAR  10630199     122104200601042005910605901     723
CTRIAR    630200     122  605901  606001  420060     703
CTRIAR  10630200     122106059011060600110420060     723
CTRIAR    630201     122  520054  605401  520060     703
CTRIAR  10630201     122105200541060540110520060     723
CTRIAR    630202     122  520060  605401  606001     703
CTRIAR  10630202     122105200601060540110606001     723
CTRIAR    630203     122  520060  606001  605901     703
CTRIAR  10630203     122105200601060600110605901     723
CTRIAR    630204     122  605901  520059  520060     703
CTRIAR  10630204     122106059011052005910520060     723
CTRIAR    630205     122  605901  420059  420058     703
CTRIAR  10630205     122106059011042005910420058     723
CTRIAR    630206     122  420058  605801  605901     703
CTRIAR  10630206     122104200581060580110605901     723
CTRIAR    630207     122  605701  605801  420058     703
CTRIAR  10630207     122106057011060580110420058     723
CTRIAR    630208     122  420058  420057  605701     703
CTRIAR  10630208     122104200581042005710605701     723
CTRIAR    630209     122  520058  520059  605901     703
CTRIAR  10630209     122105200581052005910605901     723
CTRIAR    630210     122  605901  605801  520058     703
CTRIAR  10630210     122106059011060580110520058     723
CTRIAR    630211     122  520058  605801  605701     703
CTRIAR  10630211     122105200581060580110605701     723
CTRIAR    630212     122  605701  520057  520058     703
CTRIAR  10630212     122106057011052005710520058     723
CTRIAR    630213     122   20044  609601  420096     704
CTRIAR  10630213     122100200441060960110420096     724
CTRIAR    630214     122  520096  609601   20044     704
CTRIAR  10630214     122105200961060960110020044     724
CTRIAR    630215     122  420093  609301  420099     704
CTRIAR  10630215     122104200931060930110420099     724
CTRIAR    630216     122  420099  609301  609901     704
CTRIAR  10630216     122104200991060930110609901     724
CTRIAR    630217     122  420096  609301  420093     704
CTRIAR  10630217     122104200961060930110420093     724
CTRIAR    630218     122  420096  609601  609301     704
CTRIAR  10630218     122104200961060960110609301     724
CTRIAR    630219     122  609901  609301  520099     704
CTRIAR  10630219     122106099011060930110520099     724
CTRIAR    630220     122  609301  520093  520099     704
CTRIAR  10630220     122106093011052009310520099     724
CTRIAR    630221     122  609301  609601  520096     704
CTRIAR  10630221     122106093011060960110520096     724
CTRIAR    630222     122  520096  520093  609301     704
CTRIAR  10630222     122105200961052009310609301     724
CTRIAR    630223     122  608901  420089   20041     704
CTRIAR  10630223     122106089011042008910020041     724
CTRIAR    630224     122   20041  520089  608901     704
CTRIAR  10630224     122100200411052008910608901     724
CTRIAR    630225     122  608601  420092  420086     704
CTRIAR  10630225     122106086011042009210420086     724
CTRIAR    630226     122  609201  420092  608601     704
CTRIAR  10630226     122106092011042009210608601     724
CTRIAR    630227     122  608901  608601  420086     704
CTRIAR  10630227     122106089011060860110420086     724
CTRIAR    630228     122  420086  420089  608901     704
CTRIAR  10630228     122104200861042008910608901     724
CTRIAR    630229     122  609201  608601  520086     704
CTRIAR  10630229     122106092011060860110520086     724
CTRIAR    630230     122  520086  520092  609201     704
CTRIAR  10630230     122105200861052009210609201     724
CTRIAR    630231     122  608601  608901  520086     704
CTRIAR  10630231     122106086011060890110520086     724
CTRIAR    630232     122  520086  608901  520089     704
CTRIAR  10630232     122105200861060890110520089     724
CTRIAR    630233     122  608201  420082   20038     704
CTRIAR  10630233     122106082011042008210020038     724
CTRIAR    630234     122   20038  520082  608201     704
CTRIAR  10630234     122100200381052008210608201     724
CTRIAR    630235     122  607801  420085  420078     704
CTRIAR  10630235     122106078011042008510420078     724
CTRIAR    630236     122  608501  420085  607801     704
CTRIAR  10630236     122106085011042008510607801     724
CTRIAR    630237     122  608201  607801  420078     704
CTRIAR  10630237     122106082011060780110420078     724
CTRIAR    630238     122  420078  420082  608201     704
CTRIAR  10630238     122104200781042008210608201     724
CTRIAR    630239     122  608501  607801  520078     704
CTRIAR  10630239     122106085011060780110520078     724
CTRIAR    630240     122  520078  520085  608501     704
CTRIAR  10630240     122105200781052008510608501     724
CTRIAR    630241     122  607801  608201  520078     704
CTRIAR  10630241     122106078011060820110520078     724
CTRIAR    630242     122  520078  608201  520082     704
CTRIAR  10630242     122105200781060820110520082     724
CTRIAR    630243     122  607701  420077   20035     704
CTRIAR  10630243     122106077011042007710020035     724
CTRIAR    630244     122   20035  520077  607701     704
CTRIAR  10630244     122100200351052007710607701     724
CTRIAR    630245     122  420075  420077  607701     704
CTRIAR  10630245     122104200751042007710607701     724
CTRIAR    630246     122  607701  607501  420075     704
CTRIAR  10630246     122106077011060750110420075     724
CTRIAR    630247     122  607701  520077  520075     704
CTRIAR  10630247     122106077011052007710520075     724
CTRIAR    630248     122  520075  607501  607701     704
CTRIAR  10630248     122105200751060750110607701     724
CTRIAR    630249     122  520076  607501  520075     704
CTRIAR  10630249     122105200761060750110520075     724
CTRIAR    630250     122  607601  607501  520076     704
CTRIAR  10630250     122106076011060750110520076     724
CTRIAR    630251     122  420075  607501  420076     704
CTRIAR  10630251     122104200751060750110420076     724
CTRIAR    630252     122  420076  607501  607601     704
CTRIAR  10630252     122104200761060750110607601     724
