CTRIAR    940001     132   30056  730135  913501     103
CTRIAR  10940001     132100300561073013510913501     123
CTRIAR    940002     132  913501  830135   30056     103
CTRIAR  10940002     132109135011083013510030056     123
CTRIAR    940003     132  830156  915501  830155     103
CTRIAR  10940003     132108301561091550110830155     123
CTRIAR    940004     132  915601  915501  830156     103
CTRIAR  10940004     132109156011091550110830156     123
CTRIAR    940005     132  914401  830144  830148     103
CTRIAR  10940005     132109144011083014410830148     123
CTRIAR    940006     132  914401  830148  914801     103
CTRIAR  10940006     132109144011083014810914801     123
CTRIAR    940007     132  914401  830159  830144     103
CTRIAR  10940007     132109144011083015910830144     123
CTRIAR    940008     132  915901  830159  914401     103
CTRIAR  10940008     132109159011083015910914401     123
CTRIAR    940009     132  915301  915201  830152     103
CTRIAR  10940009     132109153011091520110830152     123
CTRIAR    940010     132  830152  830153  915301     103
CTRIAR  10940010     132108301521083015310915301     123
CTRIAR    940011     132  915301  830153  830141     103
CTRIAR  10940011     132109153011083015310830141     123
CTRIAR    940012     132  915301  830141  914101     103
CTRIAR  10940012     132109153011083014110914101     123
CTRIAR    940013     132  830075  830154  915401     103
CTRIAR  10940013     132108300751083015410915401     123
CTRIAR    940014     132  907501  830075  915401     103
CTRIAR  10940014     132109075011083007510915401     123
CTRIAR    940015     132  915401  830154  830155     103
CTRIAR  10940015     132109154011083015410830155     123
CTRIAR    940016     132  830155  915501  915401     103
CTRIAR  10940016     132108301551091550110915401     123
CTRIAR    940017     132  915101  730151  730150     103
CTRIAR  10940017     132109151011073015110730150     123
CTRIAR    940018     132  730150  915001  915101     103
CTRIAR  10940018     132107301501091500110915101     123
CTRIAR    940019     132  730150  730149  914901     103
CTRIAR  10940019     132107301501073014910914901     123
CTRIAR    940020     132  914901  915001  730150     103
CTRIAR  10940020     132109149011091500110730150     123
CTRIAR    940021     132  730148  914401  914801     103
CTRIAR  10940021     132107301481091440110914801     123
CTRIAR    940022     132  730144  914401  730148     103
CTRIAR  10940022     132107301441091440110730148     123
CTRIAR    940023     132  730148  914901  730149     103
CTRIAR  10940023     132107301481091490110730149     123
CTRIAR    940024     132  914801  914901  730148     103
CTRIAR  10940024     132109148011091490110730148     123
CTRIAR    940025     132  915801  830159  915901     103
CTRIAR  10940025     132109158011083015910915901     123
CTRIAR    940026     132  915801  830158  830159     103
CTRIAR  10940026     132109158011083015810830159     123
CTRIAR    940027     132  915201  915301  730152     103
CTRIAR  10940027     132109152011091530110730152     123
CTRIAR    940028     132  730152  915301  730153     103
CTRIAR  10940028     132107301521091530110730153     123
CTRIAR    940029     132  730151  915101  730152     103
CTRIAR  10940029     132107301511091510110730152     123
CTRIAR    940030     132  730152  915101  915201     103
CTRIAR  10940030     132107301521091510110915201     123
CTRIAR    940031     132  730141  915301  914101     103
CTRIAR  10940031     132107301411091530110914101     123
CTRIAR    940032     132  730153  915301  730141     103
CTRIAR  10940032     132107301531091530110730141     123
CTRIAR    940033     132  907501  915401  730154     103
CTRIAR  10940033     132109075011091540110730154     123
CTRIAR    940034     132  730154  730075  907501     103
CTRIAR  10940034     132107301541073007510907501     123
CTRIAR    940035     132  830152  915201  830151     103
CTRIAR  10940035     132108301521091520110830151     123
CTRIAR    940036     132  915201  915101  830151     103
CTRIAR  10940036     132109152011091510110830151     123
CTRIAR    940037     132  830151  915101  915001     103
CTRIAR  10940037     132108301511091510110915001     123
CTRIAR    940038     132  915001  830150  830151     103
CTRIAR  10940038     132109150011083015010830151     123
CTRIAR    940039     132  914801  830148  830149     103
CTRIAR  10940039     132109148011083014810830149     123
CTRIAR    940040     132  830149  914901  914801     103
CTRIAR  10940040     132108301491091490110914801     123
CTRIAR    940041     132  915001  914901  830149     103
CTRIAR  10940041     132109150011091490110830149     123
CTRIAR    940042     132  830149  830150  915001     103
CTRIAR  10940042     132108301491083015010915001     123
CTRIAR    940043     132  830141  830138  913801     103
CTRIAR  10940043     132108301411083013810913801     123
CTRIAR    940044     132  914101  830141  913801     103
CTRIAR  10940044     132109141011083014110913801     123
CTRIAR    940045     132  913801  830138  830135     103
CTRIAR  10940045     132109138011083013810830135     123
CTRIAR    940046     132  830135  913501  913801     103
CTRIAR  10940046     132108301351091350110913801     123
CTRIAR    940047     132  730155  915501  915601     103
CTRIAR  10940047     132107301551091550110915601     123
CTRIAR    940048     132  915601  730156  730155     103
CTRIAR  10940048     132109156011073015610730155     123
CTRIAR    940049     132  730155  915401  915501     103
CTRIAR  10940049     132107301551091540110915501     123
CTRIAR    940050     132  730155  730154  915401     103
CTRIAR  10940050     132107301551073015410915401     123
CTRIAR    940051     132  915701  730157  730156     103
CTRIAR  10940051     132109157011073015710730156     123
CTRIAR    940052     132  915701  730156  915601     103
CTRIAR  10940052     132109157011073015610915601     123
CTRIAR    940053     132  915701  830156  830157     103
CTRIAR  10940053     132109157011083015610830157     123
CTRIAR    940054     132  915601  830156  915701     103
CTRIAR  10940054     132109156011083015610915701     123
CTRIAR    940055     132  830157  830158  915701     103
CTRIAR  10940055     132108301571083015810915701     123
CTRIAR    940056     132  830158  915801  915701     103
CTRIAR  10940056     132108301581091580110915701     123
CTRIAR    940057     132  915901  914401  730159     103
CTRIAR  10940057     132109159011091440110730159     123
CTRIAR    940058     132  730159  914401  730144     103
CTRIAR  10940058     132107301591091440110730144     123
CTRIAR    940059     132  730138  913801  913501     103
CTRIAR  10940059     132107301381091380110913501     123
CTRIAR    940060     132  730138  913501  730135     103
CTRIAR  10940060     132107301381091350110730135     123
CTRIAR    940061     132  730138  730141  914101     103
CTRIAR  10940061     132107301381073014110914101     123
CTRIAR    940062     132  914101  913801  730138     103
CTRIAR  10940062     132109141011091380110730138     123
CTRIAR    940063     132  730157  915701  730158     103
CTRIAR  10940063     132107301571091570110730158     123
CTRIAR    940064     132  730158  915701  915801     103
CTRIAR  10940064     132107301581091570110915801     123
CTRIAR    940065     132  730158  915801  915901     103
CTRIAR  10940065     132107301581091580110915901     123
CTRIAR    940066     132  915901  730159  730158     103
CTRIAR  10940066     132109159011073015910730158     123
$    CTRIAR    940067     132   30053  730108  910801     103
$    CTRIAR  10940067     132100300531073010810910801     123
$    CTRIAR    940068     132  910801  830108   30053     103
$    CTRIAR  10940068     132109108011083010810030053     123
CTRIAR    940069     132  912101  730121  911703     103
CTRIAR  10940069     132109121011073012110911703     123
CTRIAR    940070     132  911703  911702  912101     103
CTRIAR  10940070     132109117031091170210912101     123
CTRIAR    940071     132  911701  830121  912101     103
CTRIAR  10940071     132109117011083012110912101     123
CTRIAR    940072     132  912101  911702  911701     103
CTRIAR  10940072     132109121011091170210911701     123
CTRIAR    940073     132  730117  911703  730121     103
CTRIAR  10940073     132107301171091170310730121     123
CTRIAR    940074     132  830121  911701  830117     103
CTRIAR  10940074     132108301211091170110830117     123
CTRIAR    940075     132  730130  730129  913003     103
CTRIAR  10940075     132107301301073012910913003     123
CTRIAR    940076     132  913003  730129  912903     103
CTRIAR  10940076     132109130031073012910912903     123
CTRIAR    940077     132  913003  913002  913102     103
CTRIAR  10940077     132109130031091300210913102     123
CTRIAR    940078     132  913003  913102  913103     103
CTRIAR  10940078     132109130031091310210913103     123
$  CTRIAR    940079     132  730108  730111  910801     103
$  CTRIAR  10940079     132107301081073011110910801     123
$  CTRIAR    940080     132  910801  730111  911101     103
$  CTRIAR  10940080     132109108011073011110911101     123
CTRIAR    940081     132  912902  913003  912903     103
CTRIAR  10940081     132109129021091300310912903     123
CTRIAR    940082     132  913002  913003  912902     103
CTRIAR  10940082     132109130021091300310912902     123
CTRIAR    940083     132  730119  911903  730128     103
CTRIAR  10940083     132107301191091190310730128     123
CTRIAR    940084     132  911903  912803  730128     103
CTRIAR  10940084     132109119031091280310730128     123
CTRIAR    940085     132  912903  730129  730128     103
CTRIAR  10940085     132109129031073012910730128     123
CTRIAR    940086     132  730128  912803  912903     103
CTRIAR  10940086     132107301281091280310912903     123
CTRIAR    940087     132  730130  913003  730131     103
CTRIAR  10940087     132107301301091300310730131     123
CTRIAR    940088     132  730131  913003  913103     103
CTRIAR  10940088     132107301311091300310913103     123
CTRIAR    940089     132  730132  730131  913203     103
CTRIAR  10940089     132107301321073013110913203     123
CTRIAR    940090     132  913203  730131  913103     103
CTRIAR  10940090     132109132031073013110913103     123
$  CTRIAR    940091     132  830111  910801  911101     103
$  CTRIAR  10940091     132108301111091080110911101     123
$  CTRIAR    940092     132  830108  910801  830111     103
$  CTRIAR  10940092     132108301081091080110830111     123
$  CTRIAR    940093     132  911401  730111  730114     103
$  CTRIAR  10940093     132109114011073011110730114     123
$  CTRIAR    940094     132  911101  730111  911401     103
$  CTRIAR  10940094     132109111011073011110911401     123
CTRIAR    940095     132  730114  730127  911401     103
CTRIAR  10940095     132107301141073012710911401     123
CTRIAR    940096     132  911401  730127  912701     103
CTRIAR  10940096     132109114011073012710912701     123
$ CTRIAR    940097     132  830114  830111  911401     103
$ CTRIAR  10940097     132108301141083011110911401     123
$ CTRIAR    940098     132  911401  830111  911101     103
$ CTRIAR  10940098     132109114011083011110911101     123
CTRIAR    940099     132  830127  911401  912701     103
CTRIAR  10940099     132108301271091140110912701     123
CTRIAR    940100     132  830114  911401  830127     103
CTRIAR  10940100     132108301141091140110830127     123
CTRIAR    940101     132  912601  730127  730126     103
CTRIAR  10940101     132109126011073012710730126     123
CTRIAR    940102     132  912701  730127  912601     103
CTRIAR  10940102     132109127011073012710912601     123
CTRIAR    940103     132  830126  830127  912601     103
CTRIAR  10940103     132108301261083012710912601     123
CTRIAR    940104     132  912601  830127  912701     103
CTRIAR  10940104     132109126011083012710912701     123
CTRIAR    940105     132  912301  730124  730123     103
CTRIAR  10940105     132109123011073012410730123     123
CTRIAR    940106     132  912401  730124  912301     103
CTRIAR  10940106     132109124011073012410912301     123
CTRIAR    940107     132  730122  912301  730123     103
CTRIAR  10940107     132107301221091230110730123     123
CTRIAR    940108     132  912201  912301  730122     103
CTRIAR  10940108     132109122011091230110730122     123
CTRIAR    940109     132  730122  730121  912101     103
CTRIAR  10940109     132107301221073012110912101     123
CTRIAR    940110     132  912101  912201  730122     103
CTRIAR  10940110     132109121011091220110730122     123
CTRIAR    940111     132  912401  912301  830124     103
CTRIAR  10940111     132109124011091230110830124     123
CTRIAR    940112     132  830124  912301  830123     103
CTRIAR  10940112     132108301241091230110830123     123
CTRIAR    940113     132  830122  912301  912201     103
CTRIAR  10940113     132108301221091230110912201     123
CTRIAR    940114     132  830123  912301  830122     103
CTRIAR  10940114     132108301231091230110830122     123
CTRIAR    940115     132  830122  912201  912101     103
CTRIAR  10940115     132108301221091220110912101     123
CTRIAR    940116     132  912101  830121  830122     103
CTRIAR  10940116     132109121011083012110830122     123
CTRIAR    940117     132  912802  911902  911901     103
CTRIAR  10940117     132109128021091190210911901     123
CTRIAR    940118     132  911901  912801  912802     103
CTRIAR  10940118     132109119011091280110912802     123
CTRIAR    940119     132  912802  912902  912903     103
CTRIAR  10940119     132109128021091290210912903     123
CTRIAR    940120     132  912903  912803  912802     103
CTRIAR  10940120     132109129031091280310912802     123
CTRIAR    940121     132  911903  911902  912802     103
CTRIAR  10940121     132109119031091190210912802     123
CTRIAR    940122     132  912802  912803  911903     103
CTRIAR  10940122     132109128021091280310911903     123
CTRIAR    940123     132  911901  830119  830128     103
CTRIAR  10940123     132109119011083011910830128     123
CTRIAR    940124     132  830128  912801  911901     103
CTRIAR  10940124     132108301281091280110911901     123
CTRIAR    940125     132  830132  830133  913201     103
CTRIAR  10940125     132108301321083013310913201     123
CTRIAR    940126     132  913201  830133  913301     103
CTRIAR  10940126     132109132011083013310913301     123
CTRIAR    940127     132  913103  913102  913202     103
CTRIAR  10940127     132109131031091310210913202     123
CTRIAR    940128     132  913202  913203  913103     103
CTRIAR  10940128     132109132021091320310913103     123
CTRIAR    940129     132  913202  913201  913301     103
CTRIAR  10940129     132109132021091320110913301     123
CTRIAR    940130     132  913301  913302  913202     103
CTRIAR  10940130     132109133011091330210913202     123
CTRIAR    940131     132  913203  913202  913303     103
CTRIAR  10940131     132109132031091320210913303     123
CTRIAR    940132     132  913303  913202  913302     103
CTRIAR  10940132     132109133031091320210913302     123
CTRIAR    940133     132  730134  730133  913303     103
CTRIAR  10940133     132107301341073013310913303     123
CTRIAR    940134     132  913303  913403  730134     103
CTRIAR  10940134     132109133031091340310730134     123
CTRIAR    940135     132  913303  730133  730132     103
CTRIAR  10940135     132109133031073013310730132     123
CTRIAR    940136     132  730132  913203  913303     103
CTRIAR  10940136     132107301321091320310913303     123
CTRIAR    940137     132  913402  913303  913302     103
CTRIAR  10940137     132109134021091330310913302     123
CTRIAR    940138     132  913403  913303  913402     103
CTRIAR  10940138     132109134031091330310913402     123
CTRIAR    940139     132  913403  913402  911703     103
CTRIAR  10940139     132109134031091340210911703     123
CTRIAR    940140     132  911703  913402  911702     103
CTRIAR  10940140     132109117031091340210911702     123
CTRIAR    940141     132  730125  730124  912501     103
CTRIAR  10940141     132107301251073012410912501     123
CTRIAR    940142     132  912501  730124  912401     103
CTRIAR  10940142     132109125011073012410912401     123
CTRIAR    940143     132  730126  730125  912501     103
CTRIAR  10940143     132107301261073012510912501     123
CTRIAR    940144     132  912501  912601  730126     103
CTRIAR  10940144     132109125011091260110730126     123
CTRIAR    940145     132  912501  830124  830125     103
CTRIAR  10940145     132109125011083012410830125     123
CTRIAR    940146     132  912401  830124  912501     103
CTRIAR  10940146     132109124011083012410912501     123
CTRIAR    940147     132  912501  830125  830126     103
CTRIAR  10940147     132109125011083012510830126     123
CTRIAR    940148     132  830126  912601  912501     103
CTRIAR  10940148     132108301261091260110912501     123
CTRIAR    940149     132  912901  912802  912801     103
CTRIAR  10940149     132109129011091280210912801     123
CTRIAR    940150     132  912902  912802  912901     103
CTRIAR  10940150     132109129021091280210912901     123
CTRIAR    940151     132  913002  912902  912901     103
CTRIAR  10940151     132109130021091290210912901     123
CTRIAR    940152     132  912901  913001  913002     103
CTRIAR  10940152     132109129011091300110913002     123
CTRIAR    940153     132  912901  830128  830129     103
CTRIAR  10940153     132109129011083012810830129     123
CTRIAR    940154     132  912801  830128  912901     103
CTRIAR  10940154     132109128011083012810912901     123
CTRIAR    940155     132  830129  830130  912901     103
CTRIAR  10940155     132108301291083013010912901     123
CTRIAR    940156     132  912901  830130  913001     103
CTRIAR  10940156     132109129011083013010913001     123
CTRIAR    940157     132  913102  913002  913101     103
CTRIAR  10940157     132109131021091300210913101     123
CTRIAR    940158     132  913002  913001  913101     103
CTRIAR  10940158     132109130021091300110913101     123
CTRIAR    940159     132  913101  913202  913102     103
CTRIAR  10940159     132109131011091320210913102     123
CTRIAR    940160     132  913201  913202  913101     103
CTRIAR  10940160     132109132011091320210913101     123
CTRIAR    940161     132  913101  830130  830131     103
CTRIAR  10940161     132109131011083013010830131     123
CTRIAR    940162     132  913001  830130  913101     103
CTRIAR  10940162     132109130011083013010913101     123
CTRIAR    940163     132  830131  830132  913101     103
CTRIAR  10940163     132108301311083013210913101     123
CTRIAR    940164     132  830132  913201  913101     103
CTRIAR  10940164     132108301321091320110913101     123
CTRIAR    940165     132  730134  913403  730117     103
CTRIAR  10940165     132107301341091340310730117     123
CTRIAR    940166     132  913403  911703  730117     103
CTRIAR  10940166     132109134031091170310730117     123
CTRIAR    940167     132  913401  830133  830134     103
CTRIAR  10940167     132109134011083013310830134     123
CTRIAR    940168     132  913301  830133  913401     103
CTRIAR  10940168     132109133011083013310913401     123
CTRIAR    940169     132  830134  830117  913401     103
CTRIAR  10940169     132108301341083011710913401     123
CTRIAR    940170     132  913401  830117  911701     103
CTRIAR  10940170     132109134011083011710911701     123
CTRIAR    940171     132  913401  913302  913301     103
CTRIAR  10940171     132109134011091330210913301     123
CTRIAR    940172     132  913401  913402  913302     103
CTRIAR  10940172     132109134011091340210913302     123
CTRIAR    940173     132  911702  913402  913401     103
CTRIAR  10940173     132109117021091340210913401     123
CTRIAR    940174     132  913401  911701  911702     103
CTRIAR  10940174     132109134011091170110911702     123
$ CTRIAR    940175     132   30051  730087  908701     103
$ CTRIAR  10940175     132100300511073008710908701     123
$ CTRIAR    940176     132  908701  830087   30051     103
$ CTRIAR  10940176     132109087011083008710030051     123
CTRIAR    940177     132  909101  830092  909201     103
CTRIAR  10940177     132109091011083009210909201     123
CTRIAR    940178     132  909101  909201  909102     103
CTRIAR  10940178     132109091011090920110909102     123
CTRIAR    940179     132  830091  830092  909101     103
CTRIAR  10940179     132108300911083009210909101     123
CTRIAR    940180     132  909201  730092  909103     103
CTRIAR  10940180     132109092011073009210909103     123
CTRIAR    940181     132  909102  909201  909103     103
CTRIAR  10940181     132109091021090920110909103     123
CTRIAR    940182     132  730091  909103  730092     103
CTRIAR  10940182     132107300911090910310730092     123
CTRIAR    940183     132  830096  909501  830095     103
CTRIAR  10940183     132108300961090950110830095     123
CTRIAR    940184     132  909601  909501  830096     103
CTRIAR  10940184     132109096011090950110830096     123
CTRIAR    940185     132  730096  909501  909601     103
CTRIAR  10940185     132107300961090950110909601     123
CTRIAR    940186     132  730095  909501  730096     103
CTRIAR  10940186     132107300951090950110730096     123
CTRIAR    940187     132  730097  730096  909701     103
CTRIAR  10940187     132107300971073009610909701     123
CTRIAR    940188     132  909701  730096  909601     103
CTRIAR  10940188     132109097011073009610909601     123
CTRIAR    940189     132  909701  830096  830097     103
CTRIAR  10940189     132109097011083009610830097     123
CTRIAR    940190     132  909601  830096  909701     103
CTRIAR  10940190     132109096011083009610909701     123
CTRIAR    940191     132  830097  830098  909701     103
CTRIAR  10940191     132108300971083009810909701     123
CTRIAR    940192     132  909701  830098  909801     103
CTRIAR  10940192     132109097011083009810909801     123
CTRIAR    940193     132  730097  909701  730098     103
CTRIAR  10940193     132107300971090970110730098     123
CTRIAR    940194     132  730098  909701  909801     103
CTRIAR  10940194     132107300981090970110909801     123
CTRIAR    940195     132  730089  730098  908901     103
CTRIAR  10940195     132107300891073009810908901     123
CTRIAR    940196     132  908901  730098  909801     103
CTRIAR  10940196     132109089011073009810909801     123
$ CTRIAR    940197     132  908901  730088  730089     103
$ CTRIAR  10940197     132109089011073008810730089     123
$ CTRIAR    940198     132  908801  730088  908901     103
$ CTRIAR  10940198     132109088011073008810908901     123
CTRIAR    940199     132  908901  830098  830089     103
CTRIAR  10940199     132109089011083009810830089     123
CTRIAR    940200     132  909801  830098  908901     103
CTRIAR  10940200     132109098011083009810908901     123
$ CTRIAR    940201     132  830089  830088  908901     103
$ CTRIAR  10940201     132108300891083008810908901     123
$ CTRIAR    940202     132  830088  908801  908901     103
$ CTRIAR  10940202     132108300881090880110908901     123
$ CTRIAR    940203     132  730087  730088  908701     103
$ CTRIAR  10940203     132107300871073008810908701     123
$ CTRIAR    940204     132  908701  730088  908801     103
$ CTRIAR  10940204     132109087011073008810908801     123
$ CTRIAR    940205     132  908701  830088  830087     103
$ CTRIAR  10940205     132109087011083008810830087     123
$ CTRIAR    940206     132  908701  908801  830088     103
$ CTRIAR  10940206     132109087011090880110830088     123
CTRIAR    940207     132  830092  830093  909301     103
CTRIAR  10940207     132108300921083009310909301     123
CTRIAR    940208     132  909301  909201  830092     103
CTRIAR  10940208     132109093011090920110830092     123
CTRIAR    940209     132  730092  909201  909301     103
CTRIAR  10940209     132107300921090920110909301     123
CTRIAR    940210     132  909301  730093  730092     103
CTRIAR  10940210     132109093011073009310730092     123
CTRIAR    940211     132  730094  909501  730095     103
CTRIAR  10940211     132107300941090950110730095     123
CTRIAR    940212     132  730094  909401  909501     103
CTRIAR  10940212     132107300941090940110909501     123
CTRIAR    940213     132  730094  730093  909301     103
CTRIAR  10940213     132107300941073009310909301     123
CTRIAR    940214     132  909301  909401  730094     103
CTRIAR  10940214     132109093011090940110730094     123
CTRIAR    940215     132  830095  909501  830094     103
CTRIAR  10940215     132108300951090950110830094     123
CTRIAR    940216     132  909501  909401  830094     103
CTRIAR  10940216     132109095011090940110830094     123
CTRIAR    940217     132  909301  830093  830094     103
CTRIAR  10940217     132109093011083009310830094     123
CTRIAR    940218     132  830094  909401  909301     103
CTRIAR  10940218     132108300941090940110909301     123
CTRIAR    940219     132  909101  909002  909001     103
CTRIAR  10940219     132109091011090900210909001     123
CTRIAR    940220     132  909102  909002  909101     103
CTRIAR  10940220     132109091021090900210909101     123
CTRIAR    940221     132  909001  830090  909101     103
CTRIAR  10940221     132109090011083009010909101     123
CTRIAR    940222     132  830090  830091  909101     103
CTRIAR  10940222     132108300901083009110909101     123
CTRIAR    940223     132  909103  909003  909002     103
CTRIAR  10940223     132109091031090900310909002     123
CTRIAR    940224     132  909103  909002  909102     103
CTRIAR  10940224     132109091031090900210909102     123
CTRIAR    940225     132  730090  909003  730091     103
CTRIAR  10940225     132107300901090900310730091     123
CTRIAR    940226     132  909003  909103  730091     103
CTRIAR  10940226     132109090031090910310730091     123
CTRIAR    940227     132  901601  730016   30002     103
$TRIAR  10940227     132  901601  730016   30002     123
CTRIAR    940228     132   30015  730048  904801     103
$TRIAR  10940228     132   30015  730048  904801     123
CTRIAR    940229     132  902001  902102  902103     103
$TRIAR  10940229     132  902001  902102  902103     123
CTRIAR    940230     132  902103  901901  902001     103
$TRIAR  10940230     132  902103  901901  902001     123
CTRIAR    940231     132  902103  730019  901901     103
$TRIAR  10940231     132  902103  730019  901901     123
$ CTRIAR    940232     132  903803  904001  730040     103
$TRIAR  10940232     132  903803  904001  730040     123
CTRIAR    940233     132  730019  902103  730020     103
$TRIAR  10940233     132  730019  902103  730020     123
CTRIAR    940234     132  730021  730020  902103     103
$TRIAR  10940234     132  730021  730020  902103     123
$ CTRIAR    940235     132  903803  903802  903901     103
$TRIAR  10940235     132  903803  903802  903901     123
$ CTRIAR    940236     132  904001  903803  903901     103
$TRIAR  10940236     132  904001  903803  903901     123
$ CTRIAR    940237     132  730039  903803  730040     103
$TRIAR  10940237     132  730039  903803  730040     123
$ CTRIAR    940238     132  730039  730038  903803     103
$TRIAR  10940238     132  730039  730038  903803     123
CTRIAR    940239     132  830016  901601   30002     103
$TRIAR  10940239     132  830016  901601   30002     123
CTRIAR    940240     132  902101  902102  902001     103
$TRIAR  10940240     132  902101  902102  902001     123
CTRIAR    940241     132  902001  901901  902101     103
$TRIAR  10940241     132  902001  901901  902101     123
$ CTRIAR    940242     132  903801  903901  903802     103
$TRIAR  10940242     132  903801  903901  903802     123
$ CTRIAR    940243     132  904001  903901  903801     103
$TRIAR  10940243     132  904001  903901  903801     123
$ CTRIAR    940244     132  904001  903801  830040     103
$TRIAR  10940244     132  904001  903801  830040     123
$  CTRIAR    940245     132  830040  903801  830039     103
$TRIAR  10940245     132  830040  903801  830039     123
CTRIAR    940246     132  830019  830020  902101     103
$TRIAR  10940246     132  830019  830020  902101     123
CTRIAR    940247     132  830019  902101  901901     103
$TRIAR  10940247     132  830019  902101  901901     123
$ CTRIAR    940248     132  830039  903801  830038     103
$TRIAR  10940248     132  830039  903801  830038     123
CTRIAR    940249     132  902101  830020  830021     103
$TRIAR  10940249     132  902101  830020  830021     123
CTRIAR    940250     132   30015  904801  830048     103
$TRIAR  10940250     132   30015  904801  830048     123
CTRIAR    940251     132  904701  904801  730047     103
$TRIAR  10940251     132  904701  904801  730047     123
CTRIAR    940252     132  730047  904801  730048     103
$TRIAR  10940252     132  730047  904801  730048     123
CTRIAR    940253     132  902103  902102  902202     103
$TRIAR  10940253     132  902103  902102  902202     123
CTRIAR    940254     132  902202  902203  902103     103
$TRIAR  10940254     132  902202  902203  902103     123
CTRIAR    940255     132  901601  901701  730017     103
$TRIAR  10940255     132  901601  901701  730017     123
CTRIAR    940256     132  730016  901601  730017     103
$TRIAR  10940256     132  730016  901601  730017     123
CTRIAR    940257     132  902902  902803  902802     103
$TRIAR  10940257     132  902902  902803  902802     123
CTRIAR    940258     132  902903  902803  902902     103
$TRIAR  10940258     132  902903  902803  902902     123
CTRIAR    940259     132  903003  902903  902902     103
$TRIAR  10940259     132  903003  902903  902902     123
CTRIAR    940260     132  902902  903002  903003     103
$TRIAR  10940260     132  902902  903002  903003     123
$ CTRIAR    940261     132  904401  904501  730045     103
$TRIAR  10940261     132  904401  904501  730045     123
$ CTRIAR    940262     132  730045  730044  904401     103
$TRIAR  10940262     132  730045  730044  904401     123
CTRIAR    940263     132  902202  902302  902303     103
$TRIAR  10940263     132  902202  902302  902303     123
CTRIAR    940264     132  902303  902203  902202     103
$TRIAR  10940264     132  902303  902203  902202     123
CTRIAR    940265     132  901801  901901  730018     103
$TRIAR  10940265     132  901801  901901  730018     123
CTRIAR    940266     132  901901  730019  730018     103
$TRIAR  10940266     132  901901  730019  730018     123
CTRIAR    940267     132  730018  901701  901801     103
$TRIAR  10940267     132  730018  901701  901801     123
CTRIAR    940268     132  730018  730017  901701     103
$TRIAR  10940268     132  730018  730017  901701     123
CTRIAR    940269     132  730031  730030  903103     103
$TRIAR  10940269     132  730031  730030  903103     123
CTRIAR    940270     132  903103  730030  903003     103
$TRIAR  10940270     132  903103  730030  903003     123
CTRIAR    940271     132  903103  730032  730031     103
$TRIAR  10940271     132  903103  730032  730031     123
CTRIAR    940272     132  903203  730032  903103     103
$TRIAR  10940272     132  903203  730032  903103     123
CTRIAR    940273     132  903002  903102  903103     103
$TRIAR  10940273     132  903002  903102  903103     123
CTRIAR    940274     132  903003  903002  903103     103
$TRIAR  10940274     132  903003  903002  903103     123
CTRIAR    940275     132  903103  903102  903202     103
$TRIAR  10940275     132  903103  903102  903202     123
CTRIAR    940276     132  903202  903203  903103     103
$TRIAR  10940276     132  903202  903203  903103     123
CTRIAR    940277     132  730029  902803  902903     103
$TRIAR  10940277     132  730029  902803  902903     123
CTRIAR    940278     132  730028  902803  730029     103
$TRIAR  10940278     132  730028  902803  730029     123
CTRIAR    940279     132  730029  902903  903003     103
$TRIAR  10940279     132  730029  902903  903003     123
CTRIAR    940280     132  903003  730030  730029     103
$TRIAR  10940280     132  903003  730030  730029     123
CTRIAR    940281     132  730027  730026  902703     103
$TRIAR  10940281     132  730027  730026  902703     123
CTRIAR    940282     132  902703  730026  902603     103
$TRIAR  10940282     132  902703  730026  902603     123
CTRIAR    940283     132  730028  730027  902703     103
$TRIAR  10940283     132  730028  730027  902703     123
CTRIAR    940284     132  902703  902803  730028     103
$TRIAR  10940284     132  902703  902803  730028     123
CTRIAR    940285     132  902602  902702  902703     103
$TRIAR  10940285     132  902602  902702  902703     123
CTRIAR    940286     132  902603  902602  902703     103
$TRIAR  10940286     132  902603  902602  902703     123
CTRIAR    940287     132  902802  902803  902703     103
$TRIAR  10940287     132  902802  902803  902703     123
CTRIAR    940288     132  902703  902702  902802     103
$TRIAR  10940288     132  902703  902702  902802     123
CTRIAR    940289     132  903603  903502  903602     103
$TRIAR  10940289     132  903603  903502  903602     123
CTRIAR    940290     132  903503  903502  903603     103
$TRIAR  10940290     132  903503  903502  903603     123
CTRIAR    940291     132  904701  730047  730046     103
$TRIAR  10940291     132  904701  730047  730046     123
CTRIAR    940292     132  730046  904601  904701     103
$TRIAR  10940292     132  730046  904601  904701     123
CTRIAR    940293     132  904501  904601  730046     103
$TRIAR  10940293     132  904501  904601  730046     123
CTRIAR    940294     132  730046  730045  904501     103
$TRIAR  10940294     132  730046  730045  904501     123
CTRIAR    940295     132  902203  902303  730023     103
$TRIAR  10940295     132  902203  902303  730023     123
CTRIAR    940296     132  730022  902203  730023     103
$TRIAR  10940296     132  730022  902203  730023     123
CTRIAR    940297     132  902503  902502  902602     103
$TRIAR  10940297     132  902503  902502  902602     123
CTRIAR    940298     132  902503  902602  902603     103
$TRIAR  10940298     132  902503  902602  902603     123
CTRIAR    940299     132  902503  730026  730025     103
$TRIAR  10940299     132  902503  730026  730025     123
CTRIAR    940300     132  902603  730026  902503     103
$TRIAR  10940300     132  902603  730026  902503     123
CTRIAR    940301     132  730021  902103  902203     103
$TRIAR  10940301     132  730021  902103  902203     123
CTRIAR    940302     132  730021  902203  730022     103
$TRIAR  10940302     132  730021  902203  730022     123
$ CTRIAR    940303     132  903703  730038  730037     103
$TRIAR  10940303     132  903703  730038  730037     123
$ CTRIAR    940304     132  903803  730038  903703     103
$TRIAR  10940304     132  903803  730038  903703     123
$ CTRIAR    940305     132  730036  903703  730037     103
$TRIAR  10940305     132  730036  903703  730037     123
$ CTRIAR    940306     132  903603  903703  730036     103
$TRIAR  10940306     132  903603  903703  730036     123
CTRIAR    940307     132  903503  903603  730036     103
$TRIAR  10940307     132  903503  903603  730036     123
CTRIAR    940308     132  730036  730035  903503     103
$TRIAR  10940308     132  730036  730035  903503     123
$ CTRIAR    940309     132  904001  904101  730041     103
$TRIAR  10940309     132  904001  904101  730041     123
$ CTRIAR    940310     132  730040  904001  730041     103
$ $TRIAR  10940310     132  730040  904001  730041     123
$ CTRIAR    940311     132  730041  904101  904201     103
$ $TRIAR  10940311     132  730041  904101  904201     123
$ CTRIAR    940312     132  904201  730042  730041     103
$ $TRIAR  10940312     132  904201  730042  730041     123
$ CTRIAR    940313     132  904401  730044  730043     103
$ $TRIAR  10940313     132  904401  730044  730043     123
$ CTRIAR    940314     132  730043  904301  904401     103
$ $TRIAR  10940314     132  730043  904301  904401     123
$ CTRIAR    940315     132  904201  904301  730043     103
$ $TRIAR  10940315     132  904201  904301  730043     123
$ CTRIAR    940316     132  730043  730042  904201     103
$TRIAR  10940316     132  730043  730042  904201     123
CTRIAR    940317     132  902403  902302  902402     103
$TRIAR  10940317     132  902403  902302  902402     123
CTRIAR    940318     132  902403  902303  902302     103
$TRIAR  10940318     132  902403  902303  902302     123
CTRIAR    940319     132  902402  902502  902403     103
$TRIAR  10940319     132  902402  902502  902403     123
CTRIAR    940320     132  902502  902503  902403     103
$TRIAR  10940320     132  902502  902503  902403     123
CTRIAR    940321     132  730024  730023  902403     103
$TRIAR  10940321     132  730024  730023  902403     123
CTRIAR    940322     132  902403  730023  902303     103
$TRIAR  10940322     132  902403  730023  902303     123
CTRIAR    940323     132  730025  730024  902403     103
$TRIAR  10940323     132  730025  730024  902403     123
CTRIAR    940324     132  902403  902503  730025     103
$TRIAR  10940324     132  902403  902503  730025     123
CTRIAR    940325     132  903202  903302  903303     103
$TRIAR  10940325     132  903202  903302  903303     123
CTRIAR    940326     132  903303  903203  903202     103
$TRIAR  10940326     132  903303  903203  903202     123
CTRIAR    940327     132  903303  730032  903203     103
$TRIAR  10940327     132  903303  730032  903203     123
CTRIAR    940328     132  903303  730033  730032     103
$TRIAR  10940328     132  903303  730033  730032     123
$ CTRIAR    940329     132  903702  903603  903602     103
$ $TRIAR  10940329     132  903702  903603  903602     123
$ CTRIAR    940330     132  903702  903703  903603     103
$ $TRIAR  10940330     132  903702  903703  903603     123
$ CTRIAR    940331     132  903803  903703  903702     103
$ $TRIAR  10940331     132  903803  903703  903702     123
$ CTRIAR    940332     132  903702  903802  903803     103
$TRIAR  10940332     132  903702  903802  903803     123
CTRIAR    940333     132  903403  730035  730034     103
$TRIAR  10940333     132  903403  730035  730034     123
CTRIAR    940334     132  903503  730035  903403     103
$TRIAR  10940334     132  903503  730035  903403     123
CTRIAR    940335     132  730034  730033  903403     103
$TRIAR  10940335     132  730034  730033  903403     123
CTRIAR    940336     132  730033  903303  903403     103
$TRIAR  10940336     132  730033  903303  903403     123
CTRIAR    940337     132  903403  903502  903503     103
$TRIAR  10940337     132  903403  903502  903503     123
CTRIAR    940338     132  903402  903502  903403     103
$TRIAR  10940338     132  903402  903502  903403     123
CTRIAR    940339     132  903403  903303  903302     103
$TRIAR  10940339     132  903403  903303  903302     123
CTRIAR    940340     132  903403  903302  903402     103
$TRIAR  10940340     132  903403  903302  903402     123
CTRIAR    940341     132  902202  902102  902101     103
$TRIAR  10940341     132  902202  902102  902101     123
CTRIAR    940342     132  902101  902201  902202     103
$TRIAR  10940342     132  902101  902201  902202     123
CTRIAR    940343     132  902301  902302  902202     103
$TRIAR  10940343     132  902301  902302  902202     123
CTRIAR    940344     132  902202  902201  902301     103
$TRIAR  10940344     132  902202  902201  902301     123
$ CTRIAR    940345     132  903802  903702  903701     103
$ $TRIAR  10940345     132  903802  903702  903701     123
$ CTRIAR    940346     132  903701  903801  903802     103
$ $TRIAR  10940346     132  903701  903801  903802     123
$ CTRIAR    940347     132  830041  904101  904001     103
$ $TRIAR  10940347     132  830041  904101  904001     123
$ CTRIAR    940348     132  904001  830040  830041     103
$ $TRIAR  10940348     132  904001  830040  830041     123
$ CTRIAR    940349     132  903601  903702  903602     103
$ $TRIAR  10940349     132  903601  903702  903602     123
$ CTRIAR    940350     132  903601  903701  903702     103
$TRIAR  10940350     132  903601  903701  903702     123
CTRIAR    940351     132  903002  902902  903001     103
$TRIAR  10940351     132  903002  902902  903001     123
CTRIAR    940352     132  902902  902901  903001     103
$TRIAR  10940352     132  902902  902901  903001     123
CTRIAR    940353     132  903001  903102  903002     103
$TRIAR  10940353     132  903001  903102  903002     123
CTRIAR    940354     132  903001  903101  903102     103
$TRIAR  10940354     132  903001  903101  903102     123
CTRIAR    940355     132  903202  903102  903201     103
$TRIAR  10940355     132  903202  903102  903201     123
CTRIAR    940356     132  903102  903101  903201     103
$TRIAR  10940356     132  903102  903101  903201     123
CTRIAR    940357     132  830018  901901  901801     103
$TRIAR  10940357     132  830018  901901  901801     123
CTRIAR    940358     132  830018  830019  901901     103
$TRIAR  10940358     132  830018  830019  901901     123
$ CTRIAR    940359     132  904201  904101  830042     103
$ $TRIAR  10940359     132  904201  904101  830042     123
$ CTRIAR    940360     132  904101  830041  830042     103
$ $TRIAR  10940360     132  904101  830041  830042     123
$ CTRIAR    940361     132  830042  904301  904201     103
$ $TRIAR  10940361     132  830042  904301  904201     123
$ CTRIAR    940362     132  830042  830043  904301     103
$TRIAR  10940362     132  830042  830043  904301     123
CTRIAR    940363     132  902801  902902  902802     103
$TRIAR  10940363     132  902801  902902  902802     123
CTRIAR    940364     132  902801  902901  902902     103
$TRIAR  10940364     132  902801  902901  902902     123
CTRIAR    940365     132  902802  902702  902801     103
$TRIAR  10940365     132  902802  902702  902801     123
CTRIAR    940366     132  902702  902701  902801     103
$TRIAR  10940366     132  902702  902701  902801     123
CTRIAR    940367     132  902601  902702  902602     103
$TRIAR  10940367     132  902601  902702  902602     123
CTRIAR    940368     132  902601  902701  902702     103
$TRIAR  10940368     132  902601  902701  902702     123
CTRIAR    940369     132  903101  903001  830031     103
$TRIAR  10940369     132  903101  903001  830031     123
CTRIAR    940370     132  830031  903001  830030     103
$TRIAR  10940370     132  830031  903001  830030     123
CTRIAR    940371     132  830022  902301  902201     103
$TRIAR  10940371     132  830022  902301  902201     123
CTRIAR    940372     132  830022  830023  902301     103
$TRIAR  10940372     132  830022  830023  902301     123
CTRIAR    940373     132  902201  902101  830022     103
$TRIAR  10940373     132  902201  902101  830022     123
CTRIAR    940374     132  902101  830021  830022     103
$TRIAR  10940374     132  902101  830021  830022     123
CTRIAR    940375     132  830017  901701  901601     103
$TRIAR  10940375     132  830017  901701  901601     123
CTRIAR    940376     132  901601  830016  830017     103
$TRIAR  10940376     132  901601  830016  830017     123
CTRIAR    940377     132  901801  901701  830017     103
$TRIAR  10940377     132  901801  901701  830017     123
CTRIAR    940378     132  830017  830018  901801     103
$TRIAR  10940378     132  830017  830018  901801     123
CTRIAR    940379     132  903602  903502  903501     103
$TRIAR  10940379     132  903602  903502  903501     123
CTRIAR    940380     132  903501  903601  903602     103
$TRIAR  10940380     132  903501  903601  903602     123
CTRIAR    940381     132  903501  903502  903402     103
$TRIAR  10940381     132  903501  903502  903402     123
CTRIAR    940382     132  903402  903401  903501     103
$TRIAR  10940382     132  903402  903401  903501     123
CTRIAR    940383     132  903301  903302  903202     103
$TRIAR  10940383     132  903301  903302  903202     123
CTRIAR    940384     132  903202  903201  903301     103
$TRIAR  10940384     132  903202  903201  903301     123
CTRIAR    940385     132  903402  903302  903301     103
$TRIAR  10940385     132  903402  903302  903301     123
CTRIAR    940386     132  903301  903401  903402     103
$TRIAR  10940386     132  903301  903401  903402     123
$ CTRIAR    940387     132  904401  904301  830044     103
$ $TRIAR  10940387     132  904401  904301  830044     123
$ CTRIAR    940388     132  904301  830043  830044     103
$ $TRIAR  10940388     132  904301  830043  830044     123
$ CTRIAR    940389     132  830044  904501  904401     103
$ $TRIAR  10940389     132  830044  904501  904401     123
$ CTRIAR    940390     132  830044  830045  904501     103
$TRIAR  10940390     132  830044  830045  904501     123
CTRIAR    940391     132  902602  902502  902501     103
$TRIAR  10940391     132  902602  902502  902501     123
CTRIAR    940392     132  902501  902601  902602     103
$TRIAR  10940392     132  902501  902601  902602     123
CTRIAR    940393     132  830028  902801  902701     103
$TRIAR  10940393     132  830028  902801  902701     123
CTRIAR    940394     132  902701  830027  830028     103
$TRIAR  10940394     132  902701  830027  830028     123
$ CTRIAR    940395     132  903801  903701  830037     103
$ $TRIAR  10940395     132  903801  903701  830037     123
$ CTRIAR    940396     132  830037  830038  903801     103
$TRIAR  10940396     132  830037  830038  903801     123
CTRIAR    940397     132  830032  903201  903101     103
$TRIAR  10940397     132  830032  903201  903101     123
CTRIAR    940398     132  903101  830031  830032     103
$TRIAR  10940398     132  903101  830031  830032     123
CTRIAR    940399     132  830046  904601  904501     103
$TRIAR  10940399     132  830046  904601  904501     123
CTRIAR    940400     132  904501  830045  830046     103
$TRIAR  10940400     132  904501  830045  830046     123
CTRIAR    940401     132  904701  904601  830046     103
$TRIAR  10940401     132  904701  904601  830046     123
CTRIAR    940402     132  830046  830047  904701     103
$TRIAR  10940402     132  830046  830047  904701     123
CTRIAR    940403     132  830048  904801  904701     103
$TRIAR  10940403     132  830048  904801  904701     123
CTRIAR    940404     132  904701  830047  830048     103
$TRIAR  10940404     132  904701  830047  830048     123
CTRIAR    940405     132  902402  902302  902401     103
$TRIAR  10940405     132  902402  902302  902401     123
CTRIAR    940406     132  902302  902301  902401     103
$TRIAR  10940406     132  902302  902301  902401     123
CTRIAR    940407     132  902401  902502  902402     103
$TRIAR  10940407     132  902401  902502  902402     123
CTRIAR    940408     132  902401  902501  902502     103
$TRIAR  10940408     132  902401  902501  902502     123
CTRIAR    940409     132  830029  903001  902901     103
$TRIAR  10940409     132  830029  903001  902901     123
CTRIAR    940410     132  830030  903001  830029     103
$TRIAR  10940410     132  830030  903001  830029     123
CTRIAR    940411     132  902901  902801  830029     103
$TRIAR  10940411     132  902901  902801  830029     123
CTRIAR    940412     132  902801  830028  830029     103
$TRIAR  10940412     132  902801  830028  830029     123
CTRIAR    940413     132  902301  830023  830024     103
$TRIAR  10940413     132  902301  830023  830024     123
CTRIAR    940414     132  830024  902401  902301     103
$TRIAR  10940414     132  830024  902401  902301     123
CTRIAR    940415     132  902501  902401  830024     103
$TRIAR  10940415     132  902501  902401  830024     123
CTRIAR    940416     132  830024  830025  902501     103
$TRIAR  10940416     132  830024  830025  902501     123
CTRIAR    940417     132  902701  902601  830026     103
$TRIAR  10940417     132  902701  902601  830026     123
CTRIAR    940418     132  830026  830027  902701     103
$TRIAR  10940418     132  830026  830027  902701     123
CTRIAR    940419     132  902601  902501  830026     103
$TRIAR  10940419     132  902601  902501  830026     123
CTRIAR    940420     132  902501  830025  830026     103
$TRIAR  10940420     132  902501  830025  830026     123
CTRIAR    940421     132  830035  903501  903401     103
$TRIAR  10940421     132  830035  903501  903401     123
CTRIAR    940422     132  903401  830034  830035     103
$TRIAR  10940422     132  903401  830034  830035     123
CTRIAR    940423     132  830033  903301  903201     103
$TRIAR  10940423     132  830033  903301  903201     123
CTRIAR    940424     132  903201  830032  830033     103
$TRIAR  10940424     132  903201  830032  830033     123
CTRIAR    940425     132  903401  903301  830033     103
$TRIAR  10940425     132  903401  903301  830033     123
CTRIAR    940426     132  830033  830034  903401     103
$TRIAR  10940426     132  830033  830034  903401     123
$ CTRIAR    940427     132  903701  903601  830036     103
$ $TRIAR  10940427     132  903701  903601  830036     123
$ CTRIAR    940428     132  830036  830037  903701     103
$TRIAR  10940428     132  830036  830037  903701     123
CTRIAR    940429     132  903601  903501  830036     103
$TRIAR  10940429     132  903601  903501  830036     123
CTRIAR    940430     132  903501  830035  830036     103
$TRIAR  10940430     132  903501  830035  830036     123
