$CTRIAR    320001     112  346301  210463   10108     104
$CTRIAR  10320001     112103463011021046310010108     124
CTRIAR    320002     112   10003  210481  348101     104
CTRIAR  10320002     112100100031021048110348101     124
$CTRIAR    320003     112  110463  346301   10108     104
$CTRIAR  10320003     112101104631034630110010108     124
CTRIAR    320004     112   10003  348101  110481     104
CTRIAR  10320004     112100100031034810110110481     124
CTRIAR    320005     112  210485  210472  347201     104
CTRIAR  10320005     112102104851021047210347201     124
CTRIAR    320006     112  347201  348501  210485     104
CTRIAR  10320006     112103472011034850110210485     124
CTRIAR    320007     112  347501  210475  210485     104
CTRIAR  10320007     112103475011021047510210485     124
CTRIAR    320008     112  210485  348501  347501     104
CTRIAR  10320008     112102104851034850110347501     124
$CTRIAR    320009     112  210463  346301  210466     104
$CTRIAR  10320009     112102104631034630110210466     124
$CTRIAR    320010     112  346301  346601  210466     104
$CTRIAR  10320010     112103463011034660110210466     124
CTRIAR    320011     112  210466  346601  346901     104
CTRIAR  10320011     112102104661034660110346901     124
CTRIAR    320012     112  346901  210469  210466     104
CTRIAR  10320012     112103469011021046910210466     124
CTRIAR    320013     112  347201  210472  210484     104
CTRIAR  10320013     112103472011021047210210484     124
CTRIAR    320014     112  210484  348401  347201     104
CTRIAR  10320014     112102104841034840110347201     124
CTRIAR    320015     112  210484  210469  346901     104
CTRIAR  10320015     112102104841021046910346901     124
CTRIAR    320016     112  346901  348401  210484     104
CTRIAR  10320016     112103469011034840110210484     124
CTRIAR    320017     112  210478  348101  210481     104
CTRIAR  10320017     112102104781034810110210481     124
CTRIAR    320018     112  210478  347801  348101     104
CTRIAR  10320018     112102104781034780110348101     124
CTRIAR    320019     112  210478  210475  347501     104
CTRIAR  10320019     112102104781021047510347501     124
CTRIAR    320020     112  347501  347801  210478     104
CTRIAR  10320020     112103475011034780110210478     124
CTRIAR    320021     112  347501  348501  110485     104
CTRIAR  10320021     112103475011034850110110485     124
CTRIAR    320022     112  110485  110475  347501     104
CTRIAR  10320022     112101104851011047510347501     124
CTRIAR    320023     112  110485  348501  347201     104
CTRIAR  10320023     112101104851034850110347201     124
CTRIAR    320024     112  347201  110472  110485     104
CTRIAR  10320024     112103472011011047210110485     124
CTRIAR    320025     112  347201  348401  110484     104
CTRIAR  10320025     112103472011034840110110484     124
CTRIAR    320026     112  110484  110472  347201     104
CTRIAR  10320026     112101104841011047210347201     124
CTRIAR    320027     112  110478  347801  347501     104
CTRIAR  10320027     112101104781034780110347501     124
CTRIAR    320028     112  347501  110475  110478     104
CTRIAR  10320028     112103475011011047510110478     124
CTRIAR    320029     112  348101  347801  110478     104
CTRIAR  10320029     112103481011034780110110478     124
CTRIAR    320030     112  110478  110481  348101     104
CTRIAR  10320030     112101104781011048110348101     124
CTRIAR    320031     112  110469  348401  346901     104
CTRIAR  10320031     112101104691034840110346901     124
CTRIAR    320032     112  110469  110484  348401     104
CTRIAR  10320032     112101104691011048410348401     124
$CTRIAR    320033     112  110466  346601  346301     104
$CTRIAR  10320033     112101104661034660110346301     124
$CTRIAR    320034     112  346301  110463  110466     104
$CTRIAR  10320034     112103463011011046310110466     124
CTRIAR    320035     112  346901  346601  110466     104
CTRIAR  10320035     112103469011034660110110466     124
CTRIAR    320036     112  110466  110469  346901     104
CTRIAR  10320036     112101104661011046910346901     124
$CTRIAR    320037     112   10105  110440  344001     104
$CTRIAR  10320037     112100101051011044010344001     124
$CTRIAR    320038     112  345801  110458   10006     104
$CTRIAR  10320038     112103458011011045810010006     124
$CTRIAR    320039     112   10105  344001  210440     104
$CTRIAR  10320039     112100101051034400110210440     124
$CTRIAR    320040     112  210458  345801   10006     104
$CTRIAR  10320040     112102104581034580110010006     124
CTRIAR    320041     112  110449  110462  346201     104
CTRIAR  10320041     112101104491011046210346201     124
CTRIAR    320042     112  344901  110449  346201     104
CTRIAR  10320042     112103449011011044910346201     124
CTRIAR    320043     112  345201  346201  110452     104
CTRIAR  10320043     112103452011034620110110452     124
CTRIAR    320044     112  110452  346201  110462     104
CTRIAR  10320044     112101104521034620110110462     124
$CTRIAR    320045     112  110443  344301  344001     104
$CTRIAR  10320045     112101104431034430110344001     124
$CTRIAR    320046     112  110443  344001  110440     104
$CTRIAR  10320046     112101104431034400110110440     124
CTRIAR    320047     112  344601  344301  110443     104
CTRIAR  10320047     112103446011034430110110443     124
CTRIAR    320048     112  110443  110446  344601     104
CTRIAR  10320048     112101104431011044610344601     124
CTRIAR    320049     112  344901  346101  110461     104
CTRIAR  10320049     112103449011034610110110461     124
CTRIAR    320050     112  110461  110449  344901     104
CTRIAR  10320050     112101104611011044910344901     124
CTRIAR    320051     112  110461  346101  344601     104
CTRIAR  10320051     112101104611034610110344601     124
CTRIAR    320052     112  344601  110446  110461     104
CTRIAR  10320052     112103446011011044610110461     124
$CTRIAR    320053     112  110458  345801  110455     104
$CTRIAR  10320053     112101104581034580110110455     124
$CTRIAR    320054     112  345801  345501  110455     104
$CTRIAR  10320054     112103458011034550110110455     124
CTRIAR    320055     112  345201  110452  110455     104
CTRIAR  10320055     112103452011011045210110455     124
CTRIAR    320056     112  110455  345501  345201     104
CTRIAR  10320056     112101104551034550110345201     124
CTRIAR    320057     112  344901  346201  210449     104
CTRIAR  10320057     112103449011034620110210449     124
CTRIAR    320058     112  346201  210462  210449     104
CTRIAR  10320058     112103462011021046210210449     124
CTRIAR    320059     112  210452  346201  345201     104
CTRIAR  10320059     112102104521034620110345201     124
CTRIAR    320060     112  210452  210462  346201     104
CTRIAR  10320060     112102104521021046210346201     124
CTRIAR    320061     112  345201  345501  210452     104
CTRIAR  10320061     112103452011034550110210452     124
CTRIAR    320062     112  345501  210455  210452     104
CTRIAR  10320062     112103455011021045510210452     124
$CTRIAR    320063     112  210458  345501  345801     104
$CTRIAR  10320063     112102104581034550110345801     124
$CTRIAR    320064     112  210458  210455  345501     104
$CTRIAR  10320064     112102104581021045510345501     124
CTRIAR    320065     112  210461  346101  344901     104
CTRIAR  10320065     112102104611034610110344901     124
CTRIAR    320066     112  344901  210449  210461     104
CTRIAR  10320066     112103449011021044910210461     124
CTRIAR    320067     112  344601  346101  210446     104
CTRIAR  10320067     112103446011034610110210446     124
CTRIAR    320068     112  346101  210461  210446     104
CTRIAR  10320068     112103461011021046110210446     124
$CTRIAR    320069     112  344001  344301  210443     104
$CTRIAR  10320069     112103440011034430110210443     124
$CTRIAR    320070     112  210443  210440  344001     104
$CTRIAR  10320070     112102104431021044010344001     124
CTRIAR    320071     112  210443  344301  344601     104
CTRIAR  10320071     112102104431034430110344601     124
CTRIAR    320072     112  344601  210446  210443     104
CTRIAR  10320072     112103446011021044610210443     124
$CTRIAR    320073     112   10102  110417  341701     104
$CTRIAR  10320073     112100101021011041710341701     124
$CTRIAR    320074     112  343501  110435   10009     104
$CTRIAR  10320074     112103435011011043510010009     124
$CTRIAR    320075     112   10102  341701  210417     104
$CTRIAR  10320075     112100101021034170110210417     124
$CTRIAR    320076     112  210435  343501   10009     104
$CTRIAR  10320076     112102104351034350110010009     124
CTRIAR    320077     112  110426  110439  343901     104
CTRIAR  10320077     112101104261011043910343901     124
CTRIAR    320078     112  342601  110426  343901     104
CTRIAR  10320078     112103426011011042610343901     124
CTRIAR    320079     112  342901  343901  110429     104
CTRIAR  10320079     112103429011034390110110429     124
CTRIAR    320080     112  110429  343901  110439     104
CTRIAR  10320080     112101104291034390110110439     124
$CTRIAR    320081     112  110420  342001  341701     104
$CTRIAR  10320081     112101104201034200110341701     124
$CTRIAR    320082     112  110420  341701  110417     104
$CTRIAR  10320082     112101104201034170110110417     124
CTRIAR    320083     112  342301  342001  110420     104
CTRIAR  10320083     112103423011034200110110420     124
CTRIAR    320084     112  110420  110423  342301     104
CTRIAR  10320084     112101104201011042310342301     124
CTRIAR    320085     112  342601  343801  110438     104
CTRIAR  10320085     112103426011034380110110438     124
CTRIAR    320086     112  110438  110426  342601     104
CTRIAR  10320086     112101104381011042610342601     124
CTRIAR    320087     112  110438  343801  342301     104
CTRIAR  10320087     112101104381034380110342301     124
CTRIAR    320088     112  342301  110423  110438     104
CTRIAR  10320088     112103423011011042310110438     124
$CTRIAR    320089     112  110435  343501  110432     104
$CTRIAR  10320089     112101104351034350110110432     124
$CTRIAR    320090     112  343501  343201  110432     104
$CTRIAR  10320090     112103435011034320110110432     124
CTRIAR    320091     112  342901  110429  110432     104
CTRIAR  10320091     112103429011011042910110432     124
CTRIAR    320092     112  110432  343201  342901     104
CTRIAR  10320092     112101104321034320110342901     124
CTRIAR    320093     112  210439  343901  342901     104
CTRIAR  10320093     112102104391034390110342901     124
CTRIAR    320094     112  342901  210429  210439     104
CTRIAR  10320094     112103429011021042910210439     124
CTRIAR    320095     112  342601  343901  210426     104
CTRIAR  10320095     112103426011034390110210426     124
CTRIAR    320096     112  343901  210439  210426     104
CTRIAR  10320096     112103439011021043910210426     124
CTRIAR    320097     112  342901  343201  210432     104
CTRIAR  10320097     112103429011034320110210432     124
CTRIAR    320098     112  210432  210429  342901     104
CTRIAR  10320098     112102104321021042910342901     124
$CTRIAR    320099     112  210432  343201  343501     104
$CTRIAR  10320099     112102104321034320110343501     124
$CTRIAR    320100     112  343501  210435  210432     104
$CTRIAR  10320100     112103435011021043510210432     124
CTRIAR    320101     112  210438  343801  342601     104
CTRIAR  10320101     112102104381034380110342601     124
CTRIAR    320102     112  342601  210426  210438     104
CTRIAR  10320102     112103426011021042610210438     124
CTRIAR    320103     112  342301  343801  210423     104
CTRIAR  10320103     112103423011034380110210423     124
CTRIAR    320104     112  343801  210438  210423     104
CTRIAR  10320104     112103438011021043810210423     124
$CTRIAR    320105     112  341701  342001  210420     104
$CTRIAR  10320105     112103417011034200110210420     124
$CTRIAR    320106     112  210420  210417  341701     104
$CTRIAR  10320106     112102104201021041710341701     124
CTRIAR    320107     112  210420  342001  342301     104
CTRIAR  10320107     112102104201034200110342301     124
CTRIAR    320108     112  342301  210423  210420     104
CTRIAR  10320108     112103423011021042310210420     124
$CTRIAR    320109     112   10099  110394  339401     104
$CTRIAR  10320109     112100100991011039410339401     124
$CTRIAR    320110     112  341201  110412   10012     104
$CTRIAR  10320110     112103412011011041210010012     124
$CTRIAR    320111     112   10099  339401  210394     104
$CTRIAR  10320111     112100100991033940110210394     124
$CTRIAR    320112     112  210412  341201   10012     104
$CTRIAR  10320112     112102104121034120110010012     124
CTRIAR    320113     112  110403  110416  341601     104
CTRIAR  10320113     112101104031011041610341601     124
CTRIAR    320114     112  340301  110403  341601     104
CTRIAR  10320114     112103403011011040310341601     124
CTRIAR    320115     112  340601  341601  110406     104
CTRIAR  10320115     112103406011034160110110406     124
CTRIAR    320116     112  110406  341601  110416     104
CTRIAR  10320116     112101104061034160110110416     124
$CTRIAR    320117     112  110397  339701  339401     104
$CTRIAR  10320117     112101103971033970110339401     124
$CTRIAR    320118     112  110397  339401  110394     104
$CTRIAR  10320118     112101103971033940110110394     124
CTRIAR    320119     112  340001  339701  110397     104
CTRIAR  10320119     112103400011033970110110397     124
CTRIAR    320120     112  110397  110400  340001     104
CTRIAR  10320120     112101103971011040010340001     124
CTRIAR    320121     112  340301  341501  110415     104
CTRIAR  10320121     112103403011034150110110415     124
CTRIAR    320122     112  110415  110403  340301     104
CTRIAR  10320122     112101104151011040310340301     124
CTRIAR    320123     112  110415  341501  340001     104
CTRIAR  10320123     112101104151034150110340001     124
CTRIAR    320124     112  340001  110400  110415     104
CTRIAR  10320124     112103400011011040010110415     124
$CTRIAR    320125     112  110412  341201  110409     104
$CTRIAR  10320125     112101104121034120110110409     124
$CTRIAR    320126     112  341201  340901  110409     104
$CTRIAR  10320126     112103412011034090110110409     124
CTRIAR    320127     112  340601  110406  110409     104
CTRIAR  10320127     112103406011011040610110409     124
CTRIAR    320128     112  110409  340901  340601     104
CTRIAR  10320128     112101104091034090110340601     124
CTRIAR    320129     112  210416  341601  340601     104
CTRIAR  10320129     112102104161034160110340601     124
CTRIAR    320130     112  340601  210406  210416     104
CTRIAR  10320130     112103406011021040610210416     124
CTRIAR    320131     112  340601  340901  210409     104
CTRIAR  10320131     112103406011034090110210409     124
CTRIAR    320132     112  210409  210406  340601     104
CTRIAR  10320132     112102104091021040610340601     124
$CTRIAR    320133     112  210412  340901  341201     104
$CTRIAR  10320133     112102104121034090110341201     124
$CTRIAR    320134     112  210412  210409  340901     104
$CTRIAR  10320134     112102104121021040910340901     124
CTRIAR    320135     112  340301  341601  210403     104
CTRIAR  10320135     112103403011034160110210403     124
CTRIAR    320136     112  341601  210416  210403     104
CTRIAR  10320136     112103416011021041610210403     124
CTRIAR    320137     112  210403  341501  340301     104
CTRIAR  10320137     112102104031034150110340301     124
CTRIAR    320138     112  210403  210415  341501     104
CTRIAR  10320138     112102104031021041510341501     124
CTRIAR    320139     112  340001  341501  210400     104
CTRIAR  10320139     112103400011034150110210400     124
CTRIAR    320140     112  341501  210415  210400     104
CTRIAR  10320140     112103415011021041510210400     124
$CTRIAR    320141     112  339401  339701  210397     104
$CTRIAR  10320141     112103394011033970110210397     124
$CTRIAR    320142     112  210397  210394  339401     104
$CTRIAR  10320142     112102103971021039410339401     124
CTRIAR    320143     112  210397  339701  340001     104
CTRIAR  10320143     112102103971033970110340001     124
CTRIAR    320144     112  340001  210400  210397     104
CTRIAR  10320144     112103400011021040010210397     124
$CTRIAR    320145     112  337101  210371   10096     104
$CTRIAR  10320145     112103371011021037110010096     124
CTRIAR    320146     112   10015  210389  338901     104
CTRIAR  10320146     112100100151021038910338901     124
$CTRIAR    320147     112  110371  337101   10096     104
$CTRIAR  10320147     112101103711033710110010096     124
CTRIAR    320148     112   10015  338901  110389     104
CTRIAR  10320148     112100100151033890110110389     124
CTRIAR    320149     112  210393  210380  338001     104
CTRIAR  10320149     112102103931021038010338001     124
CTRIAR    320150     112  338001  339301  210393     104
CTRIAR  10320150     112103380011033930110210393     124
CTRIAR    320151     112  338301  210383  210393     104
CTRIAR  10320151     112103383011021038310210393     124
CTRIAR    320152     112  210393  339301  338301     104
CTRIAR  10320152     112102103931033930110338301     124
$CTRIAR    320153     112  210371  337101  210374     104
$CTRIAR  10320153     112102103711033710110210374     124
$CTRIAR    320154     112  337101  337401  210374     104
$CTRIAR  10320154     112103371011033740110210374     124
CTRIAR    320155     112  210374  337401  337701     104
CTRIAR  10320155     112102103741033740110337701     124
CTRIAR    320156     112  337701  210377  210374     104
CTRIAR  10320156     112103377011021037710210374     124
CTRIAR    320157     112  338001  210380  210392     104
CTRIAR  10320157     112103380011021038010210392     124
CTRIAR    320158     112  210392  339201  338001     104
CTRIAR  10320158     112102103921033920110338001     124
CTRIAR    320159     112  210392  210377  337701     104
CTRIAR  10320159     112102103921021037710337701     124
CTRIAR    320160     112  337701  339201  210392     104
CTRIAR  10320160     112103377011033920110210392     124
CTRIAR    320161     112  210386  338901  210389     104
CTRIAR  10320161     112102103861033890110210389     124
CTRIAR    320162     112  210386  338601  338901     104
CTRIAR  10320162     112102103861033860110338901     124
CTRIAR    320163     112  210386  210383  338301     104
CTRIAR  10320163     112102103861021038310338301     124
CTRIAR    320164     112  338301  338601  210386     104
CTRIAR  10320164     112103383011033860110210386     124
CTRIAR    320165     112  110386  338601  338301     104
CTRIAR  10320165     112101103861033860110338301     124
CTRIAR    320166     112  338301  110383  110386     104
CTRIAR  10320166     112103383011011038310110386     124
CTRIAR    320167     112  338301  339301  110393     104
CTRIAR  10320167     112103383011033930110110393     124
CTRIAR    320168     112  110393  110383  338301     104
CTRIAR  10320168     112101103931011038310338301     124
CTRIAR    320169     112  110393  339301  338001     104
CTRIAR  10320169     112101103931033930110338001     124
CTRIAR    320170     112  338001  110380  110393     104
CTRIAR  10320170     112103380011011038010110393     124
CTRIAR    320171     112  338001  339201  110392     104
CTRIAR  10320171     112103380011033920110110392     124
CTRIAR    320172     112  110392  110380  338001     104
CTRIAR  10320172     112101103921011038010338001     124
CTRIAR    320173     112  338901  338601  110389     104
CTRIAR  10320173     112103389011033860110110389     124
CTRIAR    320174     112  338601  110386  110389     104
CTRIAR  10320174     112103386011011038610110389     124
CTRIAR    320175     112  110377  339201  337701     104
CTRIAR  10320175     112101103771033920110337701     124
CTRIAR    320176     112  110377  110392  339201     104
CTRIAR  10320176     112101103771011039210339201     124
$CTRIAR    320177     112  110374  337401  337101     104
$CTRIAR  10320177     112101103741033740110337101     124
$CTRIAR    320178     112  337101  110371  110374     104
$CTRIAR  10320178     112103371011011037110110374     124
CTRIAR    320179     112  337701  337401  110374     104
CTRIAR  10320179     112103377011033740110110374     124
CTRIAR    320180     112  110374  110377  337701     104
CTRIAR  10320180     112101103741011037710337701     124
$CTRIAR    320181     112   10093  110348  334801     104
$CTRIAR  10320181     112100100931011034810334801     124
CTRIAR    320182     112  336601  110366   10018     104
CTRIAR  10320182     112103366011011036610010018     124
$CTRIAR    320183     112   10093  334801  210348     104
$CTRIAR  10320183     112100100931033480110210348     124
CTRIAR    320184     112  210366  336601   10018     104
CTRIAR  10320184     112102103661033660110010018     124
CTRIAR    320185     112  335701  110357  110370     104
CTRIAR  10320185     112103357011011035710110370     124
CTRIAR    320186     112  110370  337001  335701     104
CTRIAR  10320186     112101103701033700110335701     124
CTRIAR    320187     112  110370  110360  336001     104
CTRIAR  10320187     112101103701011036010336001     124
CTRIAR    320188     112  336001  337001  110370     104
CTRIAR  10320188     112103360011033700110110370     124
$CTRIAR    320189     112  110351  334801  110348     104
$CTRIAR  10320189     112101103511033480110110348     124
$CTRIAR    320190     112  110351  335101  334801     104
$CTRIAR  10320190     112101103511033510110334801     124
CTRIAR    320191     112  335401  335101  110351     104
CTRIAR  10320191     112103354011033510110110351     124
CTRIAR    320192     112  110351  110354  335401     104
CTRIAR  10320192     112101103511011035410335401     124
CTRIAR    320193     112  110369  110357  335701     104
CTRIAR  10320193     112101103691011035710335701     124
CTRIAR    320194     112  335701  336901  110369     104
CTRIAR  10320194     112103357011033690110110369     124
CTRIAR    320195     112  335401  110354  110369     104
CTRIAR  10320195     112103354011011035410110369     124
CTRIAR    320196     112  110369  336901  335401     104
CTRIAR  10320196     112101103691033690110335401     124
CTRIAR    320197     112  336001  110360  336301     104
CTRIAR  10320197     112103360011011036010336301     124
CTRIAR    320198     112  110360  110363  336301     104
CTRIAR  10320198     112101103601011036310336301     124
CTRIAR    320199     112  336301  110363  110366     104
CTRIAR  10320199     112103363011011036310110366     124
CTRIAR    320200     112  110366  336601  336301     104
CTRIAR  10320200     112101103661033660110336301     124
CTRIAR    320201     112  210370  337001  336001     104
CTRIAR  10320201     112102103701033700110336001     124
CTRIAR    320202     112  336001  210360  210370     104
CTRIAR  10320202     112103360011021036010210370     124
CTRIAR    320203     112  335701  337001  210370     104
CTRIAR  10320203     112103357011033700110210370     124
CTRIAR    320204     112  210370  210357  335701     104
CTRIAR  10320204     112102103701021035710335701     124
CTRIAR    320205     112  210369  336901  335701     104
CTRIAR  10320205     112102103691033690110335701     124
CTRIAR    320206     112  335701  210357  210369     104
CTRIAR  10320206     112103357011021035710210369     124
CTRIAR    320207     112  336001  336301  210363     104
CTRIAR  10320207     112103360011033630110210363     124
CTRIAR    320208     112  210363  210360  336001     104
CTRIAR  10320208     112102103631021036010336001     124
CTRIAR    320209     112  210363  336301  336601     104
CTRIAR  10320209     112102103631033630110336601     124
CTRIAR    320210     112  336601  210366  210363     104
CTRIAR  10320210     112103366011021036610210363     124
CTRIAR    320211     112  335401  336901  210354     104
CTRIAR  10320211     112103354011033690110210354     124
CTRIAR    320212     112  336901  210369  210354     104
CTRIAR  10320212     112103369011021036910210354     124
$CTRIAR    320213     112  334801  335101  210351     104
$CTRIAR  10320213     112103348011033510110210351     124
$CTRIAR    320214     112  210351  210348  334801     104
$CTRIAR  10320214     112102103511021034810334801     124
CTRIAR    320215     112  210351  335101  335401     104
CTRIAR  10320215     112102103511033510110335401     124
CTRIAR    320216     112  335401  210354  210351     104
CTRIAR  10320216     112103354011021035410210351     124
$CTRIAR    320217     112  332501  210325   10090     104
$CTRIAR  10320217     112103325011021032510010090     124
CTRIAR    320218     112   10021  210343  334301     104
CTRIAR  10320218     112100100211021034310334301     124
$CTRIAR    320219     112  110325  332501   10090     104
$CTRIAR  10320219     112101103251033250110010090     124
CTRIAR    320220     112   10021  334301  110343     104
CTRIAR  10320220     112100100211033430110110343     124
CTRIAR    320221     112  334701  210347  210334     104
CTRIAR  10320221     112103347011021034710210334     124
CTRIAR    320222     112  334701  210334  333401     104
CTRIAR  10320222     112103347011021033410333401     124
CTRIAR    320223     112  210337  334701  333701     104
CTRIAR  10320223     112102103371033470110333701     124
CTRIAR    320224     112  210347  334701  210337     104
CTRIAR  10320224     112102103471033470110210337     124
$CTRIAR    320225     112  332501  332801  210328     104
$CTRIAR  10320225     112103325011033280110210328     124
$CTRIAR    320226     112  210325  332501  210328     104
$CTRIAR  10320226     112102103251033250110210328     124
CTRIAR    320227     112  210328  332801  333101     104
CTRIAR  10320227     112102103281033280110333101     124
CTRIAR    320228     112  333101  210331  210328     104
CTRIAR  10320228     112103331011021033110210328     124
CTRIAR    320229     112  210346  334601  333401     104
CTRIAR  10320229     112102103461033460110333401     124
CTRIAR    320230     112  333401  210334  210346     104
CTRIAR  10320230     112103334011021033410210346     124
CTRIAR    320231     112  333101  334601  210346     104
CTRIAR  10320231     112103331011033460110210346     124
CTRIAR    320232     112  210346  210331  333101     104
CTRIAR  10320232     112102103461021033110333101     124
CTRIAR    320233     112  210340  334301  210343     104
CTRIAR  10320233     112102103401033430110210343     124
CTRIAR    320234     112  210340  334001  334301     104
CTRIAR  10320234     112102103401033400110334301     124
CTRIAR    320235     112  210340  210337  333701     104
CTRIAR  10320235     112102103401021033710333701     124
CTRIAR    320236     112  333701  334001  210340     104
CTRIAR  10320236     112103337011033400110210340     124
CTRIAR    320237     112  333701  334701  110337     104
CTRIAR  10320237     112103337011033470110110337     124
CTRIAR    320238     112  334701  110347  110337     104
CTRIAR  10320238     112103347011011034710110337     124
CTRIAR    320239     112  110337  334001  333701     104
CTRIAR  10320239     112101103371033400110333701     124
CTRIAR    320240     112  110337  110340  334001     104
CTRIAR  10320240     112101103371011034010334001     124
CTRIAR    320241     112  334301  334001  110343     104
CTRIAR  10320241     112103343011033400110110343     124
CTRIAR    320242     112  334001  110340  110343     104
CTRIAR  10320242     112103340011011034010110343     124
CTRIAR    320243     112  110334  334701  333401     104
CTRIAR  10320243     112101103341033470110333401     124
CTRIAR    320244     112  110334  110347  334701     104
CTRIAR  10320244     112101103341011034710334701     124
CTRIAR    320245     112  333401  334601  110334     104
CTRIAR  10320245     112103334011033460110110334     124
CTRIAR    320246     112  334601  110346  110334     104
CTRIAR  10320246     112103346011011034610110334     124
CTRIAR    320247     112  110331  334601  333101     104
CTRIAR  10320247     112101103311033460110333101     124
CTRIAR    320248     112  110331  110346  334601     104
CTRIAR  10320248     112101103311011034610334601     124
$CTRIAR    320249     112  110328  332801  332501     104
$CTRIAR  10320249     112101103281033280110332501     124
$CTRIAR    320250     112  332501  110325  110328     104
$CTRIAR  10320250     112103325011011032510110328     124
CTRIAR    320251     112  333101  332801  110328     104
CTRIAR  10320251     112103331011033280110110328     124
CTRIAR    320252     112  110328  110331  333101     104
CTRIAR  10320252     112101103281011033110333101     124
$CTRIAR    320253     112  330201  210302   10087     104
$CTRIAR  10320253     112103302011021030210010087     124
CTRIAR    320254     112   10024  210320  332001     104
CTRIAR  10320254     112100100241021032010332001     124
$CTRIAR    320255     112  110302  330201   10087     104
$CTRIAR  10320255     112101103021033020110010087     124
CTRIAR    320256     112   10024  332001  110320     104
CTRIAR  10320256     112100100241033200110110320     124
CTRIAR    320257     112  210324  210311  331101     104
CTRIAR  10320257     112102103241021031110331101     124
CTRIAR    320258     112  331101  332401  210324     104
CTRIAR  10320258     112103311011033240110210324     124
CTRIAR    320259     112  331401  210314  210324     104
CTRIAR  10320259     112103314011021031410210324     124
CTRIAR    320260     112  210324  332401  331401     104
CTRIAR  10320260     112102103241033240110331401     124
$CTRIAR    320261     112  210302  330201  210305     104
$CTRIAR  10320261     112102103021033020110210305     124
$CTRIAR    320262     112  330201  330501  210305     104
$CTRIAR  10320262     112103302011033050110210305     124
CTRIAR    320263     112  210305  330501  330801     104
CTRIAR  10320263     112102103051033050110330801     124
CTRIAR    320264     112  330801  210308  210305     104
CTRIAR  10320264     112103308011021030810210305     124
CTRIAR    320265     112  331101  210311  210323     104
CTRIAR  10320265     112103311011021031110210323     124
CTRIAR    320266     112  210323  332301  331101     104
CTRIAR  10320266     112102103231033230110331101     124
CTRIAR    320267     112  210323  210308  330801     104
CTRIAR  10320267     112102103231021030810330801     124
CTRIAR    320268     112  330801  332301  210323     104
CTRIAR  10320268     112103308011033230110210323     124
CTRIAR    320269     112  210317  332001  210320     104
CTRIAR  10320269     112102103171033200110210320     124
CTRIAR    320270     112  210317  331701  332001     104
CTRIAR  10320270     112102103171033170110332001     124
CTRIAR    320271     112  210317  210314  331401     104
CTRIAR  10320271     112102103171021031410331401     124
CTRIAR    320272     112  331401  331701  210317     104
CTRIAR  10320272     112103314011033170110210317     124
CTRIAR    320273     112  331401  332401  110314     104
CTRIAR  10320273     112103314011033240110110314     124
CTRIAR    320274     112  332401  110324  110314     104
CTRIAR  10320274     112103324011011032410110314     124
CTRIAR    320275     112  110314  331701  331401     104
CTRIAR  10320275     112101103141033170110331401     124
CTRIAR    320276     112  110314  110317  331701     104
CTRIAR  10320276     112101103141011031710331701     124
CTRIAR    320277     112  332001  331701  110320     104
CTRIAR  10320277     112103320011033170110110320     124
CTRIAR    320278     112  331701  110317  110320     104
CTRIAR  10320278     112103317011011031710110320     124
CTRIAR    320279     112  110311  332401  331101     104
CTRIAR  10320279     112101103111033240110331101     124
CTRIAR    320280     112  110311  110324  332401     104
CTRIAR  10320280     112101103111011032410332401     124
CTRIAR    320281     112  331101  332301  110311     104
CTRIAR  10320281     112103311011033230110110311     124
CTRIAR    320282     112  332301  110323  110311     104
CTRIAR  10320282     112103323011011032310110311     124
CTRIAR    320283     112  110308  332301  330801     104
CTRIAR  10320283     112101103081033230110330801     124
CTRIAR    320284     112  110308  110323  332301     104
CTRIAR  10320284     112101103081011032310332301     124
$CTRIAR    320285     112  110305  330501  330201     104
$CTRIAR  10320285     112101103051033050110330201     124
$CTRIAR    320286     112  330201  110302  110305     104
$CTRIAR  10320286     112103302011011030210110305     124
CTRIAR    320287     112  330801  330501  110305     104
CTRIAR  10320287     112103308011033050110110305     124
CTRIAR    320288     112  110305  110308  330801     104
CTRIAR  10320288     112101103051011030810330801     124
$CTRIAR    320289     112   10084  110279  327901     104
$CTRIAR  10320289     112100100841011027910327901     124
CTRIAR    320290     112  329701  110297   10027     104
CTRIAR  10320290     112103297011011029710010027     124
$CTRIAR    320291     112   10084  327901  210279     104
$CTRIAR  10320291     112100100841032790110210279     124
CTRIAR    320292     112  210297  329701   10027     104
CTRIAR  10320292     112102102971032970110010027     124
CTRIAR    320293     112  110288  110301  330101     104
CTRIAR  10320293     112101102881011030110330101     124
CTRIAR    320294     112  328801  110288  330101     104
CTRIAR  10320294     112103288011011028810330101     124
CTRIAR    320295     112  329101  330101  110291     104
CTRIAR  10320295     112103291011033010110110291     124
CTRIAR    320296     112  110291  330101  110301     104
CTRIAR  10320296     112101102911033010110110301     124
$CTRIAR    320297     112  110282  328201  327901     104
$CTRIAR  10320297     112101102821032820110327901     124
$CTRIAR    320298     112  110282  327901  110279     104
$CTRIAR  10320298     112101102821032790110110279     124
CTRIAR    320299     112  328501  328201  110282     104
CTRIAR  10320299     112103285011032820110110282     124
CTRIAR    320300     112  110282  110285  328501     104
CTRIAR  10320300     112101102821011028510328501     124
CTRIAR    320301     112  328801  330001  110300     104
CTRIAR  10320301     112103288011033000110110300     124
CTRIAR    320302     112  110300  110288  328801     104
CTRIAR  10320302     112101103001011028810328801     124
CTRIAR    320303     112  110300  330001  328501     104
CTRIAR  10320303     112101103001033000110328501     124
CTRIAR    320304     112  328501  110285  110300     104
CTRIAR  10320304     112103285011011028510110300     124
CTRIAR    320305     112  110297  329701  110294     104
CTRIAR  10320305     112101102971032970110110294     124
CTRIAR    320306     112  329701  329401  110294     104
CTRIAR  10320306     112103297011032940110110294     124
CTRIAR    320307     112  329101  110291  110294     104
CTRIAR  10320307     112103291011011029110110294     124
CTRIAR    320308     112  110294  329401  329101     104
CTRIAR  10320308     112101102941032940110329101     124
CTRIAR    320309     112  210301  330101  329101     104
CTRIAR  10320309     112102103011033010110329101     124
CTRIAR    320310     112  329101  210291  210301     104
CTRIAR  10320310     112103291011021029110210301     124
CTRIAR    320311     112  328801  330101  210301     104
CTRIAR  10320311     112103288011033010110210301     124
CTRIAR    320312     112  210301  210288  328801     104
CTRIAR  10320312     112102103011021028810328801     124
CTRIAR    320313     112  329101  329401  210294     104
CTRIAR  10320313     112103291011032940110210294     124
CTRIAR    320314     112  210294  210291  329101     104
CTRIAR  10320314     112102102941021029110329101     124
CTRIAR    320315     112  210294  329401  329701     104
CTRIAR  10320315     112102102941032940110329701     124
CTRIAR    320316     112  329701  210297  210294     104
CTRIAR  10320316     112103297011021029710210294     124
CTRIAR    320317     112  210300  330001  328801     104
CTRIAR  10320317     112102103001033000110328801     124
CTRIAR    320318     112  328801  210288  210300     104
CTRIAR  10320318     112103288011021028810210300     124
CTRIAR    320319     112  328501  330001  210300     104
CTRIAR  10320319     112103285011033000110210300     124
CTRIAR    320320     112  210300  210285  328501     104
CTRIAR  10320320     112102103001021028510328501     124
$CTRIAR    320321     112  327901  328201  210282     104
$CTRIAR  10320321     112103279011032820110210282     124
$CTRIAR    320322     112  210282  210279  327901     104
$CTRIAR  10320322     112102102821021027910327901     124
CTRIAR    320323     112  210282  328201  328501     104
CTRIAR  10320323     112102102821032820110328501     124
CTRIAR    320324     112  328501  210285  210282     104
CTRIAR  10320324     112103285011021028510210282     124
$CTRIAR    320325     112   10081  110256  325601     104
$CTRIAR  10320325     112100100811011025610325601     124
CTRIAR    320326     112  327401  110274   10030     104
CTRIAR  10320326     112103274011011027410010030     124
$CTRIAR    320327     112   10081  325601  210256     104
$CTRIAR  10320327     112100100811032560110210256     124
CTRIAR    320328     112  210274  327401   10030     104
CTRIAR  10320328     112102102741032740110010030     124
CTRIAR    320329     112  326501  110265  110278     104
CTRIAR  10320329     112103265011011026510110278     124
CTRIAR    320330     112  110278  327801  326501     104
CTRIAR  10320330     112101102781032780110326501     124
CTRIAR    320331     112  110278  110268  326801     104
CTRIAR  10320331     112101102781011026810326801     124
CTRIAR    320332     112  326801  327801  110278     104
CTRIAR  10320332     112103268011032780110110278     124
$CTRIAR    320333     112  110259  325601  110256     104
$CTRIAR  10320333     112101102591032560110110256     124
$CTRIAR    320334     112  110259  325901  325601     104
$CTRIAR  10320334     112101102591032590110325601     124
CTRIAR    320335     112  326201  325901  110259     104
CTRIAR  10320335     112103262011032590110110259     124
CTRIAR    320336     112  110259  110262  326201     104
CTRIAR  10320336     112101102591011026210326201     124
CTRIAR    320337     112  110277  110265  326501     104
CTRIAR  10320337     112101102771011026510326501     124
CTRIAR    320338     112  326501  327701  110277     104
CTRIAR  10320338     112103265011032770110110277     124
CTRIAR    320339     112  326201  110262  110277     104
CTRIAR  10320339     112103262011011026210110277     124
CTRIAR    320340     112  110277  327701  326201     104
CTRIAR  10320340     112101102771032770110326201     124
CTRIAR    320341     112  110274  327401  110271     104
CTRIAR  10320341     112101102741032740110110271     124
CTRIAR    320342     112  327401  327101  110271     104
CTRIAR  10320342     112103274011032710110110271     124
CTRIAR    320343     112  326801  110268  110271     104
CTRIAR  10320343     112103268011011026810110271     124
CTRIAR    320344     112  110271  327101  326801     104
CTRIAR  10320344     112101102711032710110326801     124
CTRIAR    320345     112  326801  327101  210271     104
CTRIAR  10320345     112103268011032710110210271     124
CTRIAR    320346     112  210271  210268  326801     104
CTRIAR  10320346     112102102711021026810326801     124
CTRIAR    320347     112  210278  327801  326801     104
CTRIAR  10320347     112102102781032780110326801     124
CTRIAR    320348     112  326801  210268  210278     104
CTRIAR  10320348     112103268011021026810210278     124
CTRIAR    320349     112  326501  327801  210278     104
CTRIAR  10320349     112103265011032780110210278     124
CTRIAR    320350     112  210278  210265  326501     104
CTRIAR  10320350     112102102781021026510326501     124
CTRIAR    320351     112  210277  327701  326501     104
CTRIAR  10320351     112102102771032770110326501     124
CTRIAR    320352     112  326501  210265  210277     104
CTRIAR  10320352     112103265011021026510210277     124
CTRIAR    320353     112  210274  327101  327401     104
CTRIAR  10320353     112102102741032710110327401     124
CTRIAR    320354     112  210274  210271  327101     104
CTRIAR  10320354     112102102741021027110327101     124
CTRIAR    320355     112  326201  327701  210262     104
CTRIAR  10320355     112103262011032770110210262     124
CTRIAR    320356     112  327701  210277  210262     104
CTRIAR  10320356     112103277011021027710210262     124
$CTRIAR    320357     112  325601  325901  210259     104
$CTRIAR  10320357     112103256011032590110210259     124
$CTRIAR    320358     112  210259  210256  325601     104
$CTRIAR  10320358     112102102591021025610325601     124
CTRIAR    320359     112  210259  325901  326201     104
CTRIAR  10320359     112102102591032590110326201     124
CTRIAR    320360     112  326201  210262  210259     104
CTRIAR  10320360     112103262011021026210210259     124
$CTRIAR    320361     112   10078  110233  323301     104
$CTRIAR  10320361     112100100781011023310323301     124
CTRIAR    320362     112  325101  110251   10033     104
CTRIAR  10320362     112103251011011025110010033     124
$CTRIAR    320363     112   10078  323301  210233     104
$CTRIAR  10320363     112100100781032330110210233     124
CTRIAR    320364     112  210251  325101   10033     104
CTRIAR  10320364     112102102511032510110010033     124
CTRIAR    320365     112  324201  110242  110255     104
CTRIAR  10320365     112103242011011024210110255     124
CTRIAR    320366     112  110255  325501  324201     104
CTRIAR  10320366     112101102551032550110324201     124
CTRIAR    320367     112  110255  110245  324501     104
CTRIAR  10320367     112101102551011024510324501     124
CTRIAR    320368     112  324501  325501  110255     104
CTRIAR  10320368     112103245011032550110110255     124
$CTRIAR    320369     112  110236  323301  110233     104
$CTRIAR  10320369     112101102361032330110110233     124
$CTRIAR    320370     112  110236  323601  323301     104
$CTRIAR  10320370     112101102361032360110323301     124
CTRIAR    320371     112  323901  323601  110236     104
CTRIAR  10320371     112103239011032360110110236     124
CTRIAR    320372     112  110236  110239  323901     104
CTRIAR  10320372     112101102361011023910323901     124
CTRIAR    320373     112  110254  110242  324201     104
CTRIAR  10320373     112101102541011024210324201     124
CTRIAR    320374     112  324201  325401  110254     104
CTRIAR  10320374     112103242011032540110110254     124
CTRIAR    320375     112  323901  110239  110254     104
CTRIAR  10320375     112103239011011023910110254     124
CTRIAR    320376     112  110254  325401  323901     104
CTRIAR  10320376     112101102541032540110323901     124
CTRIAR    320377     112  110251  325101  110248     104
CTRIAR  10320377     112101102511032510110110248     124
CTRIAR    320378     112  325101  324801  110248     104
CTRIAR  10320378     112103251011032480110110248     124
CTRIAR    320379     112  324501  110245  110248     104
CTRIAR  10320379     112103245011011024510110248     124
CTRIAR    320380     112  110248  324801  324501     104
CTRIAR  10320380     112101102481032480110324501     124
CTRIAR    320381     112  210255  325501  324501     104
CTRIAR  10320381     112102102551032550110324501     124
CTRIAR    320382     112  324501  210245  210255     104
CTRIAR  10320382     112103245011021024510210255     124
CTRIAR    320383     112  324201  325501  210255     104
CTRIAR  10320383     112103242011032550110210255     124
CTRIAR    320384     112  210255  210242  324201     104
CTRIAR  10320384     112102102551021024210324201     124
CTRIAR    320385     112  210254  325401  324201     104
CTRIAR  10320385     112102102541032540110324201     124
CTRIAR    320386     112  324201  210242  210254     104
CTRIAR  10320386     112103242011021024210210254     124
CTRIAR    320387     112  324501  324801  210248     104
CTRIAR  10320387     112103245011032480110210248     124
CTRIAR    320388     112  210248  210245  324501     104
CTRIAR  10320388     112102102481021024510324501     124
CTRIAR    320389     112  210248  324801  325101     104
CTRIAR  10320389     112102102481032480110325101     124
CTRIAR    320390     112  325101  210251  210248     104
CTRIAR  10320390     112103251011021025110210248     124
CTRIAR    320391     112  323901  325401  210239     104
CTRIAR  10320391     112103239011032540110210239     124
CTRIAR    320392     112  325401  210254  210239     104
CTRIAR  10320392     112103254011021025410210239     124
$CTRIAR    320393     112  323301  323601  210236     104
$CTRIAR  10320393     112103233011032360110210236     124
$CTRIAR    320394     112  210236  210233  323301     104
$CTRIAR  10320394     112102102361021023310323301     124
CTRIAR    320395     112  210236  323601  323901     104
CTRIAR  10320395     112102102361032360110323901     124
CTRIAR    320396     112  323901  210239  210236     104
CTRIAR  10320396     112103239011021023910210236     124
$CTRIAR    320397     112  321001  210210   10075     104
$CTRIAR  10320397     112103210011021021010010075     124
CTRIAR    320398     112   10036  210228  322801     104
CTRIAR  10320398     112100100361021022810322801     124
$CTRIAR    320399     112  110210  321001   10075     104
$CTRIAR  10320399     112101102101032100110010075     124
CTRIAR    320400     112   10036  322801  110228     104
CTRIAR  10320400     112100100361032280110110228     124
CTRIAR    320401     112  210232  210219  321901     104
CTRIAR  10320401     112102102321021021910321901     124
CTRIAR    320402     112  321901  323201  210232     104
CTRIAR  10320402     112103219011032320110210232     124
CTRIAR    320403     112  322201  210222  210232     104
CTRIAR  10320403     112103222011021022210210232     124
CTRIAR    320404     112  210232  323201  322201     104
CTRIAR  10320404     112102102321032320110322201     124
$CTRIAR    320405     112  210210  321001  210213     104
$CTRIAR  10320405     112102102101032100110210213     124
$CTRIAR    320406     112  321001  321301  210213     104
$CTRIAR  10320406     112103210011032130110210213     124
CTRIAR    320407     112  210213  321301  321601     104
CTRIAR  10320407     112102102131032130110321601     124
CTRIAR    320408     112  321601  210216  210213     104
CTRIAR  10320408     112103216011021021610210213     124
CTRIAR    320409     112  321901  210219  210231     104
CTRIAR  10320409     112103219011021021910210231     124
CTRIAR    320410     112  210231  323101  321901     104
CTRIAR  10320410     112102102311032310110321901     124
CTRIAR    320411     112  210231  210216  321601     104
CTRIAR  10320411     112102102311021021610321601     124
CTRIAR    320412     112  321601  323101  210231     104
CTRIAR  10320412     112103216011032310110210231     124
CTRIAR    320413     112  322501  210222  322201     104
CTRIAR  10320413     112103225011021022210322201     124
CTRIAR    320414     112  322501  210225  210222     104
CTRIAR  10320414     112103225011021022510210222     124
CTRIAR    320415     112  210228  210225  322501     104
CTRIAR  10320415     112102102281021022510322501     124
CTRIAR    320416     112  322501  322801  210228     104
CTRIAR  10320416     112103225011032280110210228     124
CTRIAR    320417     112  110219  323201  321901     104
CTRIAR  10320417     112101102191032320110321901     124
CTRIAR    320418     112  110219  110232  323201     104
CTRIAR  10320418     112101102191011023210323201     124
CTRIAR    320419     112  321901  323101  110231     104
CTRIAR  10320419     112103219011032310110110231     124
CTRIAR    320420     112  110231  110219  321901     104
CTRIAR  10320420     112101102311011021910321901     124
CTRIAR    320421     112  322801  322501  110225     104
CTRIAR  10320421     112103228011032250110110225     124
CTRIAR    320422     112  110225  110228  322801     104
CTRIAR  10320422     112101102251011022810322801     124
CTRIAR    320423     112  110216  323101  321601     104
CTRIAR  10320423     112101102161032310110321601     124
CTRIAR    320424     112  110216  110231  323101     104
CTRIAR  10320424     112101102161011023110323101     124
CTRIAR    320425     112  322201  323201  110222     104
CTRIAR  10320425     112103222011032320110110222     124
CTRIAR    320426     112  323201  110232  110222     104
CTRIAR  10320426     112103232011011023210110222     124
CTRIAR    320427     112  110222  322501  322201     104
CTRIAR  10320427     112101102221032250110322201     124
CTRIAR    320428     112  110222  110225  322501     104
CTRIAR  10320428     112101102221011022510322501     124
$CTRIAR    320429     112  110213  321301  321001     104
$CTRIAR  10320429     112101102131032130110321001     124
$CTRIAR    320430     112  321001  110210  110213     104
$CTRIAR  10320430     112103210011011021010110213     124
CTRIAR    320431     112  321601  321301  110213     104
CTRIAR  10320431     112103216011032130110110213     124
CTRIAR    320432     112  110213  110216  321601     104
CTRIAR  10320432     112101102131011021610321601     124
$CTRIAR    320433     112   10072  110187  318701     104
$CTRIAR  10320433     112100100721011018710318701     124
CTRIAR    320434     112  320501  110205   10039     104
CTRIAR  10320434     112103205011011020510010039     124
$CTRIAR    320435     112   10072  318701  210187     104
$CTRIAR  10320435     112100100721031870110210187     124
CTRIAR    320436     112  210205  320501   10039     104
CTRIAR  10320436     112102102051032050110010039     124
CTRIAR    320437     112  319601  110196  110209     104
CTRIAR  10320437     112103196011011019610110209     124
CTRIAR    320438     112  110209  320901  319601     104
CTRIAR  10320438     112101102091032090110319601     124
CTRIAR    320439     112  110209  110199  319901     104
CTRIAR  10320439     112101102091011019910319901     124
CTRIAR    320440     112  319901  320901  110209     104
CTRIAR  10320440     112103199011032090110110209     124
$CTRIAR    320441     112  110190  318701  110187     104
$CTRIAR  10320441     112101101901031870110110187     124
$CTRIAR    320442     112  110190  319001  318701     104
$CTRIAR  10320442     112101101901031900110318701     124
CTRIAR    320443     112  319301  319001  110190     104
CTRIAR  10320443     112103193011031900110110190     124
CTRIAR    320444     112  110190  110193  319301     104
CTRIAR  10320444     112101101901011019310319301     124
CTRIAR    320445     112  110208  110196  319601     104
CTRIAR  10320445     112101102081011019610319601     124
CTRIAR    320446     112  319601  320801  110208     104
CTRIAR  10320446     112103196011032080110110208     124
CTRIAR    320447     112  319301  110193  110208     104
CTRIAR  10320447     112103193011011019310110208     124
CTRIAR    320448     112  110208  320801  319301     104
CTRIAR  10320448     112101102081032080110319301     124
CTRIAR    320449     112  110205  320501  110202     104
CTRIAR  10320449     112101102051032050110110202     124
CTRIAR    320450     112  320501  320201  110202     104
CTRIAR  10320450     112103205011032020110110202     124
CTRIAR    320451     112  319901  110199  110202     104
CTRIAR  10320451     112103199011011019910110202     124
CTRIAR    320452     112  110202  320201  319901     104
CTRIAR  10320452     112101102021032020110319901     124
CTRIAR    320453     112  210209  320901  319901     104
CTRIAR  10320453     112102102091032090110319901     124
CTRIAR    320454     112  319901  210199  210209     104
CTRIAR  10320454     112103199011021019910210209     124
CTRIAR    320455     112  319601  320901  210209     104
CTRIAR  10320455     112103196011032090110210209     124
CTRIAR    320456     112  210209  210196  319601     104
CTRIAR  10320456     112102102091021019610319601     124
CTRIAR    320457     112  319901  320201  210202     104
CTRIAR  10320457     112103199011032020110210202     124
CTRIAR    320458     112  210202  210199  319901     104
CTRIAR  10320458     112102102021021019910319901     124
CTRIAR    320459     112  210202  320201  320501     104
CTRIAR  10320459     112102102021032020110320501     124
CTRIAR    320460     112  320501  210205  210202     104
CTRIAR  10320460     112103205011021020510210202     124
CTRIAR    320461     112  210208  320801  319601     104
CTRIAR  10320461     112102102081032080110319601     124
CTRIAR    320462     112  319601  210196  210208     104
CTRIAR  10320462     112103196011021019610210208     124
CTRIAR    320463     112  319301  320801  210208     104
CTRIAR  10320463     112103193011032080110210208     124
CTRIAR    320464     112  210208  210193  319301     104
CTRIAR  10320464     112102102081021019310319301     124
$CTRIAR    320465     112  318701  319001  210190     104
$CTRIAR  10320465     112103187011031900110210190     124
$CTRIAR    320466     112  210190  210187  318701     104
$CTRIAR  10320466     112102101901021018710318701     124
CTRIAR    320467     112  210190  319001  319301     104
CTRIAR  10320467     112102101901031900110319301     124
CTRIAR    320468     112  319301  210193  210190     104
CTRIAR  10320468     112103193011021019310210190     124
$CTRIAR    320469     112   10069  110164  316401     104
$CTRIAR  10320469     112100100691011016410316401     124
CTRIAR    320470     112  318201  110182   10042     104
CTRIAR  10320470     112103182011011018210010042     124
$CTRIAR    320471     112   10069  316401  210164     104
$CTRIAR  10320471     112100100691031640110210164     124
CTRIAR    320472     112  210182  318201   10042     104
CTRIAR  10320472     112102101821031820110010042     124
CTRIAR    320473     112  317301  110173  110186     104
CTRIAR  10320473     112103173011011017310110186     124
CTRIAR    320474     112  110186  318601  317301     104
CTRIAR  10320474     112101101861031860110317301     124
CTRIAR    320475     112  110186  110176  317601     104
CTRIAR  10320475     112101101861011017610317601     124
CTRIAR    320476     112  317601  318601  110186     104
CTRIAR  10320476     112103176011031860110110186     124
$CTRIAR    320477     112  110167  316401  110164     104
$CTRIAR  10320477     112101101671031640110110164     124
$CTRIAR    320478     112  110167  316701  316401     104
$CTRIAR  10320478     112101101671031670110316401     124
CTRIAR    320479     112  317001  316701  110167     104
CTRIAR  10320479     112103170011031670110110167     124
CTRIAR    320480     112  110167  110170  317001     104
CTRIAR  10320480     112101101671011017010317001     124
CTRIAR    320481     112  110185  110173  317301     104
CTRIAR  10320481     112101101851011017310317301     124
CTRIAR    320482     112  317301  318501  110185     104
CTRIAR  10320482     112103173011031850110110185     124
CTRIAR    320483     112  317001  110170  110185     104
CTRIAR  10320483     112103170011011017010110185     124
CTRIAR    320484     112  110185  318501  317001     104
CTRIAR  10320484     112101101851031850110317001     124
CTRIAR    320485     112  110182  318201  110179     104
CTRIAR  10320485     112101101821031820110110179     124
CTRIAR    320486     112  318201  317901  110179     104
CTRIAR  10320486     112103182011031790110110179     124
CTRIAR    320487     112  317601  110176  110179     104
CTRIAR  10320487     112103176011011017610110179     124
CTRIAR    320488     112  110179  317901  317601     104
CTRIAR  10320488     112101101791031790110317601     124
CTRIAR    320489     112  210186  318601  317601     104
CTRIAR  10320489     112102101861031860110317601     124
CTRIAR    320490     112  317601  210176  210186     104
CTRIAR  10320490     112103176011021017610210186     124
CTRIAR    320491     112  317301  318601  210186     104
CTRIAR  10320491     112103173011031860110210186     124
CTRIAR    320492     112  210186  210173  317301     104
CTRIAR  10320492     112102101861021017310317301     124
CTRIAR    320493     112  317601  317901  210179     104
CTRIAR  10320493     112103176011031790110210179     124
CTRIAR    320494     112  210179  210176  317601     104
CTRIAR  10320494     112102101791021017610317601     124
CTRIAR    320495     112  210179  317901  318201     104
CTRIAR  10320495     112102101791031790110318201     124
CTRIAR    320496     112  318201  210182  210179     104
CTRIAR  10320496     112103182011021018210210179     124
CTRIAR    320497     112  210185  318501  317301     104
CTRIAR  10320497     112102101851031850110317301     124
CTRIAR    320498     112  317301  210173  210185     104
CTRIAR  10320498     112103173011021017310210185     124
CTRIAR    320499     112  317001  318501  210185     104
CTRIAR  10320499     112103170011031850110210185     124
CTRIAR    320500     112  210185  210170  317001     104
CTRIAR  10320500     112102101851021017010317001     124
$CTRIAR    320501     112  316401  316701  210167     104
$CTRIAR  10320501     112103164011031670110210167     124
$CTRIAR    320502     112  210167  210164  316401     104
$CTRIAR  10320502     112102101671021016410316401     124
CTRIAR    320503     112  210167  316701  317001     104
CTRIAR  10320503     112102101671031670110317001     124
CTRIAR    320504     112  317001  210170  210167     104
CTRIAR  10320504     112103170011021017010210167     124
$CTRIAR    320505     112   10066  110138  313801     104
$CTRIAR  10320505     112100100661011013810313801     124
CTRIAR    320506     112  315901  110159   10045     104
CTRIAR  10320506     112103159011011015910010045     124
$CTRIAR    320507     112   10066  313801  210138     104
$CTRIAR  10320507     112100100661031380110210138     124
CTRIAR    320508     112  210159  315901   10045     104
CTRIAR  10320508     112102101591031590110010045     124
CTRIAR    320509     112  314801  110148  110163     104
CTRIAR  10320509     112103148011011014810110163     124
CTRIAR    320510     112  110163  316301  314801     104
CTRIAR  10320510     112101101631031630110314801     124
CTRIAR    320511     112  110163  110153  315301     104
CTRIAR  10320511     112101101631011015310315301     124
CTRIAR    320512     112  315301  316301  110163     104
CTRIAR  10320512     112103153011031630110110163     124
$CTRIAR    320513     112  110141  313801  110138     104
$CTRIAR  10320513     112101101411031380110110138     124
$CTRIAR    320514     112  110141  314101  313801     104
$CTRIAR  10320514     112101101411031410110313801     124
CTRIAR    320515     112  314401  314101  110141     104
CTRIAR  10320515     112103144011031410110110141     124
CTRIAR    320516     112  110141  110144  314401     104
CTRIAR  10320516     112101101411011014410314401     124
CTRIAR    320517     112  110162  110148  314801     104
CTRIAR  10320517     112101101621011014810314801     124
CTRIAR    320518     112  314801  316201  110162     104
CTRIAR  10320518     112103148011031620110110162     124
CTRIAR    320519     112  314401  110144  110162     104
CTRIAR  10320519     112103144011011014410110162     124
CTRIAR    320520     112  110162  316201  314401     104
CTRIAR  10320520     112101101621031620110314401     124
CTRIAR    320521     112  110159  315901  110156     104
CTRIAR  10320521     112101101591031590110110156     124
CTRIAR    320522     112  315901  315601  110156     104
CTRIAR  10320522     112103159011031560110110156     124
CTRIAR    320523     112  315301  110153  110156     104
CTRIAR  10320523     112103153011011015310110156     124
CTRIAR    320524     112  110156  315601  315301     104
CTRIAR  10320524     112101101561031560110315301     124
CTRIAR    320525     112  210163  316301  315301     104
CTRIAR  10320525     112102101631031630110315301     124
CTRIAR    320526     112  315301  210153  210163     104
CTRIAR  10320526     112103153011021015310210163     124
CTRIAR    320527     112  315301  315601  210156     104
CTRIAR  10320527     112103153011031560110210156     124
CTRIAR    320528     112  210156  210153  315301     104
CTRIAR  10320528     112102101561021015310315301     124
CTRIAR    320529     112  210156  315601  315901     104
CTRIAR  10320529     112102101561031560110315901     124
CTRIAR    320530     112  315901  210159  210156     104
CTRIAR  10320530     112103159011021015910210156     124
CTRIAR    320531     112  314801  316301  210148     104
CTRIAR  10320531     112103148011031630110210148     124
CTRIAR    320532     112  316301  210163  210148     104
CTRIAR  10320532     112103163011021016310210148     124
CTRIAR    320533     112  210148  316201  314801     104
CTRIAR  10320533     112102101481031620110314801     124
CTRIAR    320534     112  210148  210162  316201     104
CTRIAR  10320534     112102101481021016210316201     124
CTRIAR    320535     112  314401  316201  210144     104
CTRIAR  10320535     112103144011031620110210144     124
CTRIAR    320536     112  316201  210162  210144     104
CTRIAR  10320536     112103162011021016210210144     124
$CTRIAR    320537     112  313801  314101  210141     104
$CTRIAR  10320537     112103138011031410110210141     124
$CTRIAR    320538     112  210141  210138  313801     104
$CTRIAR  10320538     112102101411021013810313801     124
CTRIAR    320539     112  210141  314101  314401     104
CTRIAR  10320539     112102101411031410110314401     124
CTRIAR    320540     112  314401  210144  210141     104
CTRIAR  10320540     112103144011021014410210141     124
CTRIAR    320541     112  312801  110128   10048     104
CTRIAR  10320541     112103128011011012810010048     124
CTRIAR    320542     112   10048  210128  312801     104
CTRIAR  10320542     112100100481021012810312801     124
CTRIAR    320543     112   10063  110131  313101     104
CTRIAR  10320543     112100100631011013110313101     124
CTRIAR    320544     112  313101  210131   10063     104
CTRIAR  10320544     112103131011021013110010063     124
CTRIAR    320545     112  110125  110128  312501     104
CTRIAR  10320545     112101101251011012810312501     124
CTRIAR    320546     112  110128  312801  312501     104
CTRIAR  10320546     112101101281031280110312501     124
CTRIAR    320547     112  312501  210128  210125     104
CTRIAR  10320547     112103125011021012810210125     124
CTRIAR    320548     112  312501  312801  210128     104
CTRIAR  10320548     112103125011031280110210128     124
CTRIAR    320549     112  313201  110131  110132     104
CTRIAR  10320549     112103132011011013110110132     124
CTRIAR    320550     112  313201  313101  110131     104
CTRIAR  10320550     112103132011031310110110131     124
CTRIAR    320551     112  210132  210131  313201     104
CTRIAR  10320551     112102101321021013110313201     124
CTRIAR    320552     112  210131  313101  313201     104
CTRIAR  10320552     112102101311031310110313201     124
CTRIAR    320553     112  110133  313201  110132     104
CTRIAR  10320553     112101101331031320110110132     124
CTRIAR    320554     112  313301  313201  110133     104
CTRIAR  10320554     112103133011031320110110133     124
CTRIAR    320555     112  110133  110135  313501     104
CTRIAR  10320555     112101101331011013510313501     124
CTRIAR    320556     112  313501  313301  110133     104
CTRIAR  10320556     112103135011031330110110133     124
CTRIAR    320557     112  210132  313201  210133     104
CTRIAR  10320557     112102101321031320110210133     124
CTRIAR    320558     112  210133  313201  313301     104
CTRIAR  10320558     112102101331031320110313301     124
CTRIAR    320559     112  313501  210135  210133     104
CTRIAR  10320559     112103135011021013510210133     124
CTRIAR    320560     112  210133  313301  313501     104
CTRIAR  10320560     112102101331031330110313501     124
CTRIAR    320561     112  110125  312501  110136     104
CTRIAR  10320561     112101101251031250110110136     124
CTRIAR    320562     112  110136  312501  313601     104
CTRIAR  10320562     112101101361031250110313601     124
CTRIAR    320563     112  313701  110137  110136     104
CTRIAR  10320563     112103137011011013710110136     124
CTRIAR    320564     112  110136  313601  313701     104
CTRIAR  10320564     112101101361031360110313701     124
CTRIAR    320565     112  210136  312501  210125     104
CTRIAR  10320565     112102101361031250110210125     124
CTRIAR    320566     112  313601  312501  210136     104
CTRIAR  10320566     112103136011031250110210136     124
CTRIAR    320567     112  313701  313601  210136     104
CTRIAR  10320567     112103137011031360110210136     124
CTRIAR    320568     112  210136  210137  313701     104
CTRIAR  10320568     112102101361021013710313701     124
CTRIAR    320569     112  313501  110135  110134     104
CTRIAR  10320569     112103135011011013510110134     124
CTRIAR    320570     112  110134  313401  313501     104
CTRIAR  10320570     112101101341031340110313501     124
CTRIAR    320571     112  110134  110137  313701     104
CTRIAR  10320571     112101101341011013710313701     124
CTRIAR    320572     112  313701  313401  110134     104
CTRIAR  10320572     112103137011031340110110134     124
CTRIAR    320573     112  210134  210135  313501     104
CTRIAR  10320573     112102101341021013510313501     124
CTRIAR    320574     112  313501  313401  210134     104
CTRIAR  10320574     112103135011031340110210134     124
CTRIAR    320575     112  313701  210137  210134     104
CTRIAR  10320575     112103137011021013710210134     124
CTRIAR    320576     112  210134  313401  313701     104
CTRIAR  10320576     112102101341031340110313701     124
CTRIAR    320577     112  305601  110056  110055     104
CTRIAR  10320577     112103056011011005610110055     124
CTRIAR    320578     112  305601  110055  305501     104
CTRIAR  10320578     112103056011011005510305501     124
CTRIAR    320579     112  110056  305601  110057     104
CTRIAR  10320579     112101100561030560110110057     124
CTRIAR    320580     112  110057  305601  305701     104
CTRIAR  10320580     112101100571030560110305701     124
CTRIAR    320581     112  210056  305601  305501     104
CTRIAR  10320581     112102100561030560110305501     124
CTRIAR    320582     112  305501  210055  210056     104
CTRIAR  10320582     112103055011021005510210056     124
CTRIAR    320583     112  305701  305601  210056     104
CTRIAR  10320583     112103057011030560110210056     124
CTRIAR    320584     112  210056  210057  305701     104
CTRIAR  10320584     112102100561021005710305701     124
CTRIAR    320585     112  305801  110057  305701     104
CTRIAR  10320585     112103058011011005710305701     124
CTRIAR    320586     112  110058  110057  305801     104
CTRIAR  10320586     112101100581011005710305801     124
CTRIAR    320587     112  305801  110059  110058     104
CTRIAR  10320587     112103058011011005910110058     124
CTRIAR    320588     112  305901  110059  305801     104
CTRIAR  10320588     112103059011011005910305801     124
CTRIAR    320589     112  305901  305801  210058     104
CTRIAR  10320589     112103059011030580110210058     124
CTRIAR    320590     112  210058  210059  305901     104
CTRIAR  10320590     112102100581021005910305901     124
CTRIAR    320591     112  305701  210057  210058     104
CTRIAR  10320591     112103057011021005710210058     124
CTRIAR    320592     112  210058  305801  305701     104
CTRIAR  10320592     112102100581030580110305701     124
