$ ================== OW_LHS ================= 
$
PAERO1      1001
AEFACT      10010.      0.02201 0.04166 0.0625  0.08333 0.10416 0.125   
        0.14583 0.16666 0.1875  0.20833 0.22916 0.25    0.26084 0.27083 
        0.29166 0.3125  0.33333 0.35416 0.375   0.39583 0.41666 0.4375  
        0.45833 0.47916 0.5     0.52083 0.54166 0.5625  0.58333 0.60416 
        0.625   0.64583 0.66666 0.6875  0.70833 0.72916 0.75    0.77083 
        0.79166 0.8125  0.83333 0.85416 0.875   0.89583 0.91666 0.9375  
        0.95833 0.97916 1.                                              
AEFACT      10020.      0.05144 0.10288 0.15432 0.25581 0.35729 0.45878 
        0.56027 0.66176 0.76324 0.82243 0.88162 0.94081 1.              
CAERO1      1001    1001       0                    1001    1002       1
        97.87   -83.97  51.966  12.     74.06   -25.    51.966  11.99   
$ ================== OW_RHS ================= 
$
PAERO1     11001
AEFACT     210010.      0.02083 0.04166 0.0625  0.08333 0.10416 0.125   
        0.14583 0.16666 0.1875  0.20833 0.22916 0.25    0.27083 0.29166 
        0.3125  0.33333 0.35416 0.375   0.39583 0.41666 0.4375  0.45833 
        0.47916 0.5     0.52083 0.54166 0.5625  0.58333 0.60416 0.625   
        0.64583 0.66666 0.6875  0.70833 0.72916 0.73915 0.75    0.77083 
        0.79166 0.8125  0.83333 0.85416 0.875   0.89583 0.91666 0.9375  
        0.95833 0.97798 1.                                              
AEFACT     210020.      0.05144 0.10288 0.15432 0.25581 0.35729 0.45878 
        0.56027 0.66176 0.76324 0.82243 0.88162 0.94081 1.              
CAERO1     11001   11001       0                   21001   21002       1
        74.06   25.     51.966  11.99   97.87   83.97   51.966  12.     
$ ================== IW_LHS_Main ================= 
$
PAERO1      2001
AEFACT      20010.      0.03364 0.06728 0.15249 0.23770 0.32292 0.40813 
        0.49334 0.57855 0.66377 0.74898 0.83419 0.91940 0.95970 1.      
                                                                        
AEFACT      20020.      0.1     0.2     0.3     0.4     0.5     0.6     
        0.7     0.8     0.9     1.                                      
CAERO1      2001    2001       0                    2001    2002       1
        74.06   -25.    51.966  9.15133 66.18   -9.5    51.29   23.2937 
$ ================== IW_RHS_main ================= 
$
PAERO1     12001
AEFACT     220010.      0.04029 0.08059 0.16580 0.25101 0.33623 0.42144 
        0.50665 0.59186 0.67707 0.76229 0.84750 0.93271 0.96635 1.      
                                                                        
AEFACT     220020.      0.1     0.2     0.3     0.4     0.5     0.6     
        0.7     0.8     0.9     1.                                      
CAERO1     12001   12001       0                   22001   22002       1
        66.18   9.5     51.29   23.2937 74.06   25.     51.966  9.15133 
$ ================== IW_LHS_BF ================= 
$
PAERO1      3001
AEFACT      30010.      0.03364 0.06728 0.15249 0.23770 0.32292 0.40813 
        0.49334 0.57855 0.66377 0.74898 0.83419 0.91940 0.95970 1.      
                                                                        
AEFACT      30020.      0.25    0.5     0.75    1.                      
CAERO1      3001    3001       0                    3001    3002       1
        83.2113 -25.    51.966  2.83867 89.4737 -9.5    51.29   2.83626 
$ ================== IW_RHS_BF ================= 
$
PAERO1     13001
AEFACT     230010.      0.04029 0.08059 0.16580 0.25101 0.33623 0.42144 
        0.50665 0.59186 0.67707 0.76229 0.84750 0.93271 0.96635 1.      
                                                                        
AEFACT     230020.      0.25    0.5     0.75    1.                      
CAERO1     13001   13001       0                   23001   23002       1
        89.4737 9.5     51.29   2.83626 83.2113 25.     51.966  2.83867 
$ ================== CB_LHS ================= 
$
PAERO1      4001
AEFACT      40010.      0.1     0.2     0.3     0.4     0.5     0.6     
        0.7     0.8     0.9     1.                                      
AEFACT      40020.      0.1     0.2     0.3     0.4     0.5     0.6     
        0.7     0.8     0.9     1.                                      
CAERO1      4001    4001       0                    4001    4002       1
        66.18   -9.5    51.29   26.13   50.88   0.      50.502  45.27   
$ ================== CB_RHS ================= 
$
PAERO1     14001
AEFACT     240010.      0.1     0.2     0.3     0.4     0.5     0.6     
        0.7     0.8     0.9     1.                                      
AEFACT     240020.      0.1     0.2     0.3     0.4     0.5     0.6     
        0.7     0.8     0.9     1.                                      
CAERO1     14001   14001       0                   24001   24002       1
        50.88   0.      50.502  45.27   66.18   9.5     51.29   26.13   
$ CAERO1 for mAEWing2 winglet
$ ================== WINGLET LHS ================= 
$1......2.......3.......4.......5.......6.......7.......8.......9.......
$ PAERO1  110000
$ CAERO1  110000  110000  0       1       1                       1
$         105.87  -83.97  49.89   0.0     104.27  -83.97  50.302  2.94
$
$1......2.......3.......4.......5.......6.......7.......8.......9.......
PAERO1  32000  
CAERO1  32000   32000   128     5       5                         1
        6.40    -1.664  -0.00   2.94    0.00     0.00    -0.00    14.69
$
PAERO1  33000   
CAERO1  33000   33000   128     5       5                         1
        0.00     0.00    -0.00  14.69   7.77     4.33    0.0000   9.66
$
PAERO1  34000  
CAERO1  34000   34000   128     8       5                         1
        7.77     4.33   0.0000  9.66    15.94    12.60   0.00     6.71
$
$ ================== WINGLET RHS ================= 
$1......2.......3.......4.......5.......6.......7.......8.......9.......
$ PAERO1  210000
$ CAERO1  210000  210000  0       1       1                       1
$         105.87   83.97  49.89   0.0     104.27   83.97  50.302  2.94
$
$1......2.......3.......4.......5.......6.......7.......8.......9.......
PAERO1  42000  
CAERO1  42000   42000   228     5       5                       1
        6.40    -1.664  0.00    2.94    0.00     0.00    0.00   14.69
$
PAERO1  43000  
CAERO1  43000   43000   228     5       5                       1
        0.00     0.00   0.00    14.69    7.77     4.33  -0.0000 9.66
$
PAERO1  44000  
CAERO1  44000    44000  228     8       5                       1
        7.77     4.33   -0.0000 9.66    15.94    12.60  -0.00   6.71
$
