$1......2.......3.......4.......OW-FLAP-1-LHS ...............
AELIST     10001    1010    1011    1012    1013    1023    1024    1025
            1026    1036    1037    1038    1039    1049    1050    1051
            1052    1062    1063    1064    1065    1075    1076    1077
            1078    1088    1089    1090    1091    1101    1102    1103
            1104    1114    1115    1116    1117    1127    1128    1129
            1130    1140    1141    1142    1143    1153    1154    1155
            1156                                                        
$1......2.......3.......4.......5.......6.......7.......8.......
AESURF     10001owTEL1     10      10001                1.      
                        -0.523590.523599-4.8    4.8     
$1......2.......3.......4.......OW-FLAP-1-RHS ...............
AELIST    110001   11010   11011   11012   11013   11023   11024   11025
           11026   11036   11037   11038   11039   11049   11050   11051
           11052   11062   11063   11064   11065   11075   11076   11077
           11078   11088   11089   11090   11091   11101   11102   11103
           11104   11114   11115   11116   11117   11127   11128   11129
           11130   11140   11141   11142   11143   11153   11154   11155
           11156                                                        
$1......2.......3.......4.......5.......6.......7.......8.......
AESURF    110001owTER1     20     110001                1.      
                        -0.523590.523599-4.8    4.8     
$1......2.......3.......4.......OW-FLAP-2-LHS ...............
AELIST     10002    1166    1167    1168    1169    1179    1180    1181
            1182    1192    1193    1194    1195    1205    1206    1207
            1208    1218    1219    1220    1221    1231    1232    1233
            1234    1244    1245    1246    1247    1257    1258    1259
            1260    1270    1271    1272    1273    1283    1284    1285
            1286    1296    1297    1298    1299    1309    1310    1311
            1312    1322    1323    1324    1325                        
$1......2.......3.......4.......5.......6.......7.......8.......
AESURF     10002owTEL2     11      10002                1.      
                        -0.523590.523599-4.8    4.8     
$1......2.......3.......4.......OW-FLAP-2-RHS ...............
AELIST    110002   11166   11167   11168   11169   11179   11180   11181
           11182   11192   11193   11194   11195   11205   11206   11207
           11208   11218   11219   11220   11221   11231   11232   11233
           11234   11244   11245   11246   11247   11257   11258   11259
           11260   11270   11271   11272   11273   11283   11284   11285
           11286   11296   11297   11298   11299   11309   11310   11311
           11312                                                        
$1......2.......3.......4.......5.......6.......7.......8.......
AESURF    110002owTER2     21     110002                1.      
                        -0.523590.523599-4.8    4.8     
$1......2.......3.......4.......OW-FLAP-3-LHS ...............
AELIST     10003    1335    1336    1337    1338    1348    1349    1350
            1351    1361    1362    1363    1364    1374    1375    1376
            1377    1387    1388    1389    1390    1400    1401    1402
            1403    1413    1414    1415    1416    1426    1427    1428
            1429    1439    1440    1441    1442    1452    1453    1454
            1455    1465    1466    1467    1468    1478    1479    1480
            1481                                                        
$1......2.......3.......4.......5.......6.......7.......8.......
AESURF     10003owTEL3     12      10003                1.      
                        -0.523590.523599-4.8    4.8     
$1......2.......3.......4.......OW-FLAP-3-RHS ...............
AELIST    110003   11322   11323   11324   11325   11335   11336   11337
           11338   11348   11349   11350   11351   11361   11362   11363
           11364   11374   11375   11376   11377   11387   11388   11389
           11390   11400   11401   11402   11403   11413   11414   11415
           11416   11426   11427   11428   11429   11439   11440   11441
           11442   11452   11453   11454   11455   11465   11466   11467
           11468   11478   11479   11480   11481                        
$1......2.......3.......4.......5.......6.......7.......8.......
AESURF    110003owTER3     22     110003                1.      
                        -0.523590.523599-4.8    4.8     
$1......2.......3.......4.......OW-FLAP-4-LHS ...............
AELIST     10004    1491    1492    1493    1494    1504    1505    1506
            1507    1517    1518    1519    1520    1530    1531    1532
            1533    1543    1544    1545    1546    1556    1557    1558
            1559    1569    1570    1571    1572    1582    1583    1584
            1585    1595    1596    1597    1598    1608    1609    1610
            1611    1621    1622    1623    1624    1634    1635    1636
            1637                                                        
$1......2.......3.......4.......5.......6.......7.......8.......
AESURF     10004owTEL4     13      10004                1.      
                        -0.523590.523599-4.8    4.8     
$1......2.......3.......4.......OW-FLAP-4-RHS ...............
AELIST    110004   11491   11492   11493   11494   11504   11505   11506
           11507   11517   11518   11519   11520   11530   11531   11532
           11533   11543   11544   11545   11546   11556   11557   11558
           11559   11569   11570   11571   11572   11582   11583   11584
           11585   11595   11596   11597   11598   11608   11609   11610
           11611   11621   11622   11623   11624   11634   11635   11636
           11637                                                        
$1......2.......3.......4.......5.......6.......7.......8.......
AESURF    110004owTER4     23     110004                1.      
                        -0.523590.523599-4.8    4.8     
$1......2.......3.......4.......OW-LEAD-FLAP-LHS ...............
AELIST     10005    1014    1015    1016    1027    1028    1029    1040
            1041    1042    1053    1054    1055    1066    1067    1068
            1079    1080    1081    1092    1093    1094    1105    1106
            1107    1118    1119    1120    1131    1132    1133    1144
            1145    1146    1157    1158    1159                        
$1......2.......3.......4.......5.......6.......7.......8.......
AESURF     10005 owleadL   14      10005                1.      
                        -0.523590.523599-4.8    4.8     
$1......2.......3.......4.......OW-LEAD-FLAP-RHS ...............
AELIST    110005   11469   11470   11471   11482   11483   11484   11495
           11496   11497   11508   11509   11510   11521   11522   11523
           11534   11535   11536   11547   11548   11549   11560   11561
           11562   11573   11574   11575   11586   11587   11588   11599
           11600   11601   11612   11613   11614                        
$1......2.......3.......4.......5.......6.......7.......8.......
AESURF    110005 owleadR   24     110005                1.      
                        -0.523590.523599-4.8    4.8     
$1......2.......3.......4.......IW_BODY_FLAP_LHS ...............
AELIST     10006    3009    3010    3011    3012    3013    3014    3015
            3016    3017    3018    3019    3020    3021    3022    3023
            3024    3025    3026    3027    3028    3029    3030    3031
            3032    3033    3034    3035    3036    3037    3038    3039
            3040    3041    3042    3043    3044    3045    3046    3047
            3048                                                        
$1......2.......3.......4.......5.......6.......7.......8.......
AESURF     10006 iwbodyL   15      10006                1.      
                        -0.523590.523599-4.8    4.8     
$1......2.......3.......4.......IW_BODY_FLAP_RHS ...............
AELIST    110006   13009   13010   13011   13012   13013   13014   13015
           13016   13017   13018   13019   13020   13021   13022   13023
           13024   13025   13026   13027   13028   13029   13030   13031
           13032   13033   13034   13035   13036   13037   13038   13039
           13040   13041   13042   13043   13044   13045   13046   13047
           13048                                                        
$1......2.......3.......4.......5.......6.......7.......8.......
AESURF    110006 iwbodyR   25     110006                1.      
                        -0.523590.523599-4.8    4.8     
