CTRIAR    800001     134   30050  830048   30015     100
CTRIAR  10800001     23410030050  830048   30015     120
CTRIAR    800002     134  830048   30050  830107     100
CTRIAR  10800002     234  8300481003005010830107     120
CTRIAR    800003     134   30051  830107   30050     100
CTRIAR  10800003     234100300511083010710030050     120
CTRIAR    800004     134  830107   30051  830087     100
CTRIAR  10800004     234108301071003005110830087     120
CTRIAR    800005     134  830107  830047  830048     100
CTRIAR  10800005     23410830107  830047  830048     120
CTRIAR    800006     134  830047  830107  830110     100
CTRIAR  10800006     234  8300471083010710830110     120
CTRIAR    800007     134  830087  830110  830107     100
CTRIAR  10800007     234108300871083011010830107     120
CTRIAR    800008     134  830110  830087  830088     100
CTRIAR  10800008     234108301101083008710830088     120
CTRIAR    800009     134  830046  830047  830110     100
CTRIAR  10800009     234  830046  83004710830110     120
CTRIAR    800010     134  830046  830110  830113     100
CTRIAR  10800010     234  8300461083011010830113     120
CTRIAR    800011     134  830089  830113  830088     100
CTRIAR  10800011     234108300891083011310830088     120
CTRIAR    800012     134  830088  830113  830110     100
CTRIAR  10800012     234108300881083011310830110     120
CTRIAR    800013     134  830113  830045  830046     100
CTRIAR  10800013     23410830113  830045  830046     120
CTRIAR    800014     134  830089  830196  830113     100
CTRIAR  10800014     234108300891083019610830113     120
CTRIAR    800015     134  830098  830196  830089     100
CTRIAR  10800015     234108300981083019610830089     120
CTRIAR    800016     134  830097  830184  830098     100
CTRIAR  10800016     234108300971083018410830098     120
CTRIAR    800017     134  830096  830185  830097     100
CTRIAR  10800017     234108300961083018510830097     120
CTRIAR    800018     134  830095  830186  830096     100
CTRIAR  10800018     234108300951083018610830096     120
CTRIAR    800019     134  830094  830187  830095     100
CTRIAR  10800019     234108300941083018710830095     120
CTRIAR    800020     134  830093  830188  830094     100
CTRIAR  10800020     234108300931083018810830094     120
CTRIAR    800021     134  830092  830189  830093     100
CTRIAR  10800021     234108300921083018910830093     120
CTRIAR    800022     134  830091  830190  830092     100
CTRIAR  10800022     234108300911083019010830092     120
CTRIAR    800023     134  830091  830090  830116     100
CTRIAR  10800023     234108300911083009010830116     120
$ CTRIAR    800024     134  830116  830036  830037     100
$ CTRIAR  10800024     23410830116  830036  830037     120
$ CTRIAR    800025     134  830038  830190  830037     100
$ CTRIAR  10800025     234  83003810830190  830037     120
$ CTRIAR    800026     134  830039  830189  830038     100
$ CTRIAR  10800026     234  83003910830189  830038     120
$ CTRIAR    800027     134  830040  830191  830039     100
$ CTRIAR  10800027     234  83004010830191  830039     120
$ CTRIAR    800028     134  830041  830192  830040     100
$ CTRIAR  10800028     234  83004110830192  830040     120
$ CTRIAR    800029     134  830042  830193  830041     100
$ CTRIAR  10800029     234  83004210830193  830041     120
$ CTRIAR    800030     134  830043  830194  830042     100
$ CTRIAR  10800030     234  83004310830194  830042     120
$ CTRIAR    800031     134  830044  830195  830043     100
$ CTRIAR  10800031     234  83004410830195  830043     120
CTRIAR    800032     134  830045  830196  830044     100
CTRIAR  10800032     234  83004510830196  830044     120
CTRIAR    800033     134  830113  830196  830045     100
CTRIAR  10800033     2341083011310830196  830045     120
CTRIAR    800034     134  830028  830118  830027     100
CTRIAR  10800034     234  83002810830118  830027     120
CTRIAR    800035     134  830029  830203  830028     100
CTRIAR  10800035     234  83002910830203  830028     120
CTRIAR    800036     134  830030  830197  830029     100
CTRIAR  10800036     234  83003010830197  830029     120
CTRIAR    800037     134  830031  830198  830030     100
CTRIAR  10800037     234  83003110830198  830030     120
CTRIAR    800038     134  830032  830199  830031     100
CTRIAR  10800038     234  83003210830199  830031     120
CTRIAR    800039     134  830033  830200  830032     100
CTRIAR  10800039     234  83003310830200  830032     120
CTRIAR    800040     134  830034  830201  830033     100
CTRIAR  10800040     234  83003410830201  830033     120
CTRIAR    800041     134  830035  830202  830034     100
CTRIAR  10800041     234  83003510830202  830034     120
CTRIAR    800042     134  830035  830036  830116     100
CTRIAR  10800042     234  830035  83003610830116     120
CTRIAR    800043     134  830116  830090  830106     100
CTRIAR  10800043     234108301161083009010830106     120
CTRIAR    800044     134  830035  830116  830202     100
CTRIAR  10800044     234  8300351083011610830202     120
CTRIAR    800045     134  830202  830116  830106     100
CTRIAR  10800045     234108302021083011610830106     120
CTRIAR    800046     134  830105  830202  830106     100
CTRIAR  10800046     234108301051083020210830106     120
CTRIAR    800047     134  830104  830201  830105     100
CTRIAR  10800047     234108301041083020110830105     120
CTRIAR    800048     134  830103  830200  830104     100
CTRIAR  10800048     234108301031083020010830104     120
CTRIAR    800049     134  830102  830199  830103     100
CTRIAR  10800049     234108301021083019910830103     120
CTRIAR    800050     134  830101  830198  830102     100
CTRIAR  10800050     234108301011083019810830102     120
CTRIAR    800051     134  830100  830197  830101     100
CTRIAR  10800051     234108301001083019710830101     120
CTRIAR    800052     134  830099  830203  830100     100
CTRIAR  10800052     234108300991083020310830100     120
CTRIAR    800053     134  830118  830203  830099     100
CTRIAR  10800053     234108301181083020310830099     120
CTRIAR    800054     134  830118  830028  830203     100
CTRIAR  10800054     23410830118  83002810830203     120
CTRIAR    800055     134  830203  830029  830197     100
CTRIAR  10800055     23410830203  83002910830197     120
CTRIAR    800056     134  830197  830030  830198     100
CTRIAR  10800056     23410830197  83003010830198     120
CTRIAR    800057     134  830198  830031  830199     100
CTRIAR  10800057     23410830198  83003110830199     120
CTRIAR    800058     134  830199  830032  830200     100
CTRIAR  10800058     23410830199  83003210830200     120
CTRIAR    800059     134  830200  830033  830201     100
CTRIAR  10800059     23410830200  83003310830201     120
CTRIAR    800060     134  830201  830034  830202     100
CTRIAR  10800060     23410830201  83003410830202     120
CTRIAR    800061     134  830201  830202  830105     100
CTRIAR  10800061     234108302011083020210830105     120
CTRIAR    800062     134   30049  830135   30056     100
CTRIAR  10800062     234100300491083013510030056     120
CTRIAR    800063     134  830135   30049  830057     100
CTRIAR  10800063     234108301351003004910830057     120
CTRIAR    800064     134  830057  830138  830135     100
CTRIAR  10800064     234108300571083013810830135     120
CTRIAR    800065     134  830138  830057  830058     100
CTRIAR  10800065     234108301381083005710830058     120
CTRIAR    800066     134  830138  830058  830141     100
CTRIAR  10800066     234108301381083005810830141     120
CTRIAR    800067     134  830141  830058  520017     100
CTRIAR  10800067     234108301411083005810520017     120
CTRIAR    800068     134  520017  830153  830141     100
CTRIAR  10800068     234105200171083015310830141     120
CTRIAR    800069     134  830060  830153  520017     100
CTRIAR  10800069     234108300601083015310520017     120
CTRIAR    800070     134  830153  830060  830152     100
CTRIAR  10800070     234108301531083006010830152     120
CTRIAR    800071     134  830061  830152  830060     100
CTRIAR  10800071     234108300611083015210830060     120
CTRIAR    800072     134  830152  830061  830151     100
CTRIAR  10800072     234108301521083006110830151     120
CTRIAR    800073     134  830062  830151  830061     100
CTRIAR  10800073     234108300621083015110830061     120
CTRIAR    800074     134  830151  830062  830150     100
CTRIAR  10800074     234108301511083006210830150     120
CTRIAR    800075     134  520023  830144  830148     100
CTRIAR  10800075     234105200231083014410830148     120
CTRIAR    800076     134  520023  830148  830064     100
CTRIAR  10800076     234105200231083014810830064     120
CTRIAR    800077     134  830063  830150  830062     100
CTRIAR  10800077     234108300631083015010830062     120
CTRIAR    800078     134  830064  830149  830063     100
CTRIAR  10800078     234108300641083014910830063     120
CTRIAR    800079     134  830148  830149  830064     100
CTRIAR  10800079     234108301481083014910830064     120
CTRIAR    800080     134  830149  830150  830063     100
CTRIAR  10800080     234108301491083015010830063     120
CTRIAR    800081     134  830154  520029  830075     100
CTRIAR  10800081     234108301541052002910830075     120
CTRIAR    800082     134  830155  830070  830154     100
CTRIAR  10800082     234108301551083007010830154     120
CTRIAR    800083     134  830070  830155  830069     100
CTRIAR  10800083     234108300701083015510830069     120
CTRIAR    800084     134  830070  520029  830154     100
CTRIAR  10800084     234108300701052002910830154     120
CTRIAR    800085     134  830156  830069  830155     100
CTRIAR  10800085     234108301561083006910830155     120
CTRIAR    800086     134  830157  830204  830156     100
CTRIAR  10800086     234108301571083020410830156     120
CTRIAR    800087     134  830068  830157  830067     100
CTRIAR  10800087     234108300681083015710830067     120
CTRIAR    800088     134  830069  830156  830204     100
CTRIAR  10800088     234108300691083015610830204     120
CTRIAR    800089     134  830157  830068  830204     100
CTRIAR  10800089     234108301571083006810830204     120
CTRIAR    800090     134  830204  830068  830069     100
CTRIAR  10800090     234108302041083006810830069     120
CTRIAR    800091     134  830158  830067  830157     100
CTRIAR  10800091     234108301581083006710830157     120
CTRIAR    800092     134  830159  830205  830158     100
CTRIAR  10800092     234108301591083020510830158     120
CTRIAR    800093     134  830159  830144  520023     100
CTRIAR  10800093     234108301591083014410520023     120
CTRIAR    800094     134  830066  830159  520023     100
CTRIAR  10800094     234108300661083015910520023     120
CTRIAR    800095     134  830067  830158  830205     100
CTRIAR  10800095     234108300671083015810830205     120
CTRIAR    800096     134  830159  830066  830205     100
CTRIAR  10800096     234108301591083006610830205     120
CTRIAR    800097     134  830205  830066  830067     100
CTRIAR  10800097     234108302051083006610830067     120
CTRIAR    800098     134  830018  830171  830017     100
CTRIAR  10800098     234  83001810830171  830017     120
CTRIAR    800099     134  830019  830171  830018     100
CTRIAR  10800099     234  83001910830171  830018     120
CTRIAR    800100     134  830086  830206  830019     100
CTRIAR  10800100     2341083008610830206  830019     120
CTRIAR    800101     134  830170  830086  830169     100
CTRIAR  10800101     234108301701083008610830169     120
CTRIAR    800102     134  830171  830019  830206     100
CTRIAR  10800102     23410830171  83001910830206     120
CTRIAR    800103     134  830086  830170  830206     100
CTRIAR  10800103     234108300861083017010830206     120
CTRIAR    800104     134  830206  830170  830171     100
CTRIAR  10800104     234108302061083017010830171     120
CTRIAR    800105     134  830085  830169  830086     100
CTRIAR  10800105     234108300851083016910830086     120
CTRIAR    800106     134  830084  830207  830085     100
CTRIAR  10800106     234108300841083020710830085     120
CTRIAR    800107     134  830168  830084  830167     100
CTRIAR  10800107     234108301681083008410830167     120
CTRIAR    800108     134  830169  830085  830207     100
CTRIAR  10800108     234108301691083008510830207     120
CTRIAR    800109     134  830084  830168  830207     100
CTRIAR  10800109     234108300841083016810830207     120
CTRIAR    800110     134  830207  830168  830169     100
CTRIAR  10800110     234108302071083016810830169     120
CTRIAR    800111     134  830083  830167  830084     100
CTRIAR  10800111     234108300831083016710830084     120
CTRIAR    800112     134  830082  830208  830083     100
CTRIAR  10800112     234108300821083020810830083     120
CTRIAR    800113     134  830167  830083  830208     100
CTRIAR  10800113     234108301671083008310830208     120
CTRIAR    800114     134  830082  830166  830208     100
CTRIAR  10800114     234108300821083016610830208     120
CTRIAR    800115     134  830208  830166  830167     100
CTRIAR  10800115     234108302081083016610830167     120
CTRIAR    800116     134  830072  830075  520029     100
CTRIAR  10800116     234108300721083007510520029     120
CTRIAR    800117     134  830160  830075  830072     100
CTRIAR  10800117     234108301601083007510830072     120
CTRIAR    800118     134  830075  830160  830076     100
CTRIAR  10800118     234108300751083016010830076     120
CTRIAR    800119     134  830161  830076  830160     100
CTRIAR  10800119     234108301611083007610830160     120
CTRIAR    800120     134  830076  830161  830077     100
CTRIAR  10800120     234108300761083016110830077     120
CTRIAR    800121     134  830162  830077  830161     100
CTRIAR  10800121     234108301621083007710830161     120
CTRIAR    800122     134  830077  830162  830078     100
CTRIAR  10800122     234108300771083016210830078     120
CTRIAR    800123     134  830079  830163  830080     100
CTRIAR  10800123     234108300791083016310830080     120
CTRIAR    800124     134  830164  830080  830163     100
CTRIAR  10800124     234108301641083008010830163     120
CTRIAR    800125     134  830165  830209  830164     100
CTRIAR  10800125     234108301651083020910830164     120
CTRIAR    800126     134  830165  830166  830082     100
CTRIAR  10800126     234108301651083016610830082     120
CTRIAR    800127     134  830081  830165  830082     100
CTRIAR  10800127     234108300811083016510830082     120
CTRIAR    800128     134  830080  830164  830209     100
CTRIAR  10800128     234108300801083016410830209     120
CTRIAR    800129     134  830165  830081  830209     100
CTRIAR  10800129     234108301651083008110830209     120
CTRIAR    800130     134  830209  830081  830080     100
CTRIAR  10800130     234108302091083008110830080     120
CTRIAR    800131     134  830073  830160  830072     100
CTRIAR  10800131     234108300731083016010830072     120
CTRIAR    800132     134  830172  830160  830073     100
CTRIAR  10800132     234108301721083016010830073     120
CTRIAR    800133     134  830160  830172  830161     100
CTRIAR  10800133     234108301601083017210830161     120
CTRIAR    800134     134  830017  830183  830016     100
CTRIAR  10800134     234  83001710830183  830016     120
CTRIAR    800135     134  830171  830183  830017     100
CTRIAR  10800135     2341083017110830183  830017     120
CTRIAR    800136     134  830183  830171  830182     100
CTRIAR  10800136     234108301831083017110830182     120
CTRIAR    800137     134  830173  830161  830172     100
CTRIAR  10800137     234108301731083016110830172     120
CTRIAR    800138     134  830161  830173  830162     100
CTRIAR  10800138     234108301611083017310830162     120
CTRIAR    800139     134  830174  830162  830173     100
CTRIAR  10800139     234108301741083016210830173     120
CTRIAR    800140     134  830162  830174  830163     100
CTRIAR  10800140     234108301621083017410830163     120
CTRIAR    800141     134  830175  830163  830174     100
CTRIAR  10800141     234108301751083016310830174     120
CTRIAR    800142     134  830163  830175  830164     100
CTRIAR  10800142     234108301631083017510830164     120
CTRIAR    800143     134  830176  830164  830175     100
CTRIAR  10800143     234108301761083016410830175     120
CTRIAR    800144     134  830164  830176  830165     100
CTRIAR  10800144     234108301641083017610830165     120
CTRIAR    800145     134  830177  830165  830176     100
CTRIAR  10800145     234108301771083016510830176     120
CTRIAR    800146     134  830165  830177  830166     100
CTRIAR  10800146     234108301651083017710830166     120
CTRIAR    800147     134  830178  830166  830177     100
CTRIAR  10800147     234108301781083016610830177     120
CTRIAR    800148     134  830166  830178  830167     100
CTRIAR  10800148     234108301661083017810830167     120
CTRIAR    800149     134  830179  830167  830178     100
CTRIAR  10800149     234108301791083016710830178     120
CTRIAR    800150     134  830167  830179  830168     100
CTRIAR  10800150     234108301671083017910830168     120
CTRIAR    800151     134  830180  830168  830179     100
CTRIAR  10800151     234108301801083016810830179     120
CTRIAR    800152     134  830168  830180  830169     100
CTRIAR  10800152     234108301681083018010830169     120
CTRIAR    800153     134  830181  830169  830180     100
CTRIAR  10800153     234108301811083016910830180     120
CTRIAR    800154     134  830169  830181  830170     100
CTRIAR  10800154     234108301691083018110830170     120
CTRIAR    800155     134  830182  830170  830181     100
CTRIAR  10800155     234108301821083017010830181     120
CTRIAR    800156     134  830170  830182  830171     100
CTRIAR  10800156     234108301701083018210830171     120
CTRIAR    800157     134  830074  830172  830073     100
CTRIAR  10800157     234108300741083017210830073     120
CTRIAR    800158     134   30001  830172  830074     100
CTRIAR  10800158     234100300011083017210830074     120
CTRIAR    800159     134  830172   30001  830173     100
CTRIAR  10800159     234108301721003000110830173     120
CTRIAR    800160     134   30003  830173   30001     100
CTRIAR  10800160     234100300031083017310030001     120
CTRIAR    800161     134  830173   30003  830174     100
CTRIAR  10800161     234108301731003000310830174     120
CTRIAR    800162     134   30004  830174   30003     100
CTRIAR  10800162     234100300041083017410030003     120
CTRIAR    800163     134  830174   30004  830175     100
CTRIAR  10800163     234108301741003000410830175     120
CTRIAR    800164     134   30005  830175   30004     100
CTRIAR  10800164     234100300051083017510030004     120
CTRIAR    800165     134  830175   30005  830176     100
CTRIAR  10800165     234108301751003000510830176     120
CTRIAR    800166     134   30006  830176   30005     100
CTRIAR  10800166     234100300061083017610030005     120
CTRIAR    800167     134   30007  830210   30006     100
CTRIAR  10800167     234100300071083021010030006     120
CTRIAR    800168     134  830176   30006  830210     100
CTRIAR  10800168     234108301761003000610830210     120
CTRIAR    800169     134   30007  830177  830210     100
CTRIAR  10800169     234100300071083017710830210     120
CTRIAR    800170     134  830210  830177  830176     100
CTRIAR  10800170     234108302101083017710830176     120
CTRIAR    800171     134  830016   30014   30002     100
CTRIAR  10800171     234  83001610030014   30002     120
CTRIAR    800172     134  830183   30014  830016     100
CTRIAR  10800172     2341083018310030014  830016     120
CTRIAR    800173     134   30014  830183   30013     100
CTRIAR  10800173     234100300141083018310030013     120
CTRIAR    800174     134  830182   30013  830183     100
CTRIAR  10800174     234108301821003001310830183     120
CTRIAR    800175     134   30013  830182   30012     100
CTRIAR  10800175     234100300131083018210030012     120
CTRIAR    800176     134  830181   30012  830182     100
CTRIAR  10800176     234108301811003001210830182     120
CTRIAR    800177     134   30012  830181   30011     100
CTRIAR  10800177     234100300121083018110030011     120
CTRIAR    800178     134  830180   30011  830181     100
CTRIAR  10800178     234108301801003001110830181     120
CTRIAR    800179     134   30011  830180   30010     100
CTRIAR  10800179     234100300111083018010030010     120
CTRIAR    800180     134  830179   30010  830180     100
CTRIAR  10800180     234108301791003001010830180     120
CTRIAR    800181     134   30010  830179   30009     100
CTRIAR  10800181     234100300101083017910030009     120
CTRIAR    800182     134  830178   30009  830179     100
CTRIAR  10800182     234108301781003000910830179     120
CTRIAR    800183     134  830178  830177   30007     100
CTRIAR  10800183     234108301781083017710030007     120
CTRIAR    800184     134   30008  830178   30007     100
CTRIAR  10800184     234100300081083017810030007     120
CTRIAR    800185     134  830178   30008   30009     100
CTRIAR  10800185     234108301781003000810030009     120
CTRIAR    800186     134  830128  830147  830119     100
CTRIAR  10800186     234108301281083014710830119     120
CTRIAR    800187     134  830129  830220  830128     100
CTRIAR  10800187     234108301291083022010830128     120
CTRIAR    800188     134  830130  830211  830129     100
CTRIAR  10800188     234108301301083021110830129     120
CTRIAR    800189     134  830131  830212  830130     100
CTRIAR  10800189     234108301311083021210830130     120
CTRIAR    800190     134  830132  830213  830131     100
CTRIAR  10800190     234108301321083021310830131     120
CTRIAR    800191     134  830133  830214  830132     100
CTRIAR  10800191     234108301331083021410830132     120
CTRIAR    800192     134  830134  830215  830133     100
CTRIAR  10800192     234108301341083021510830133     120
CTRIAR    800193     134  830134  830117  830145     100
CTRIAR  10800193     234108301341083011710830145     120
CTRIAR    800194     134  830145  830144  830159     100
CTRIAR  10800194     234108301451083014410830159     120
CTRIAR    800195     134  830158  830215  830159     100
CTRIAR  10800195     234108301581083021510830159     120
CTRIAR    800196     134  830157  830214  830158     100
CTRIAR  10800196     234108301571083021410830158     120
CTRIAR    800197     134  830156  830216  830157     100
CTRIAR  10800197     234108301561083021610830157     120
CTRIAR    800198     134  830155  830217  830156     100
CTRIAR  10800198     234108301551083021710830156     120
CTRIAR    800199     134  830154  830218  830155     100
CTRIAR  10800199     234108301541083021810830155     120
CTRIAR    800200     134  830075  830219  830154     100
CTRIAR  10800200     234108300751083021910830154     120
CTRIAR    800201     134  830146  830219  830075     100
CTRIAR  10800201     234108301461083021910830075     120
CTRIAR    800202     134  830147  830220  830146     100
CTRIAR  10800202     234108301471083022010830146     120
CTRIAR    800203     134  830128  830220  830147     100
CTRIAR  10800203     234108301281083022010830147     120
CTRIAR    800204     134  830143  830127  830114     100
CTRIAR  10800204     234108301431083012710830114     120
CTRIAR    800205     134  830142  830221  830143     100
CTRIAR  10800205     234108301421083022110830143     120
CTRIAR    800206     134  830141  830222  830142     100
CTRIAR  10800206     234108301411083022210830142     120
CTRIAR    800207     134  830153  830222  830141     100
CTRIAR  10800207     234108301531083022210830141     120
CTRIAR    800208     134  830152  830227  830153     100
CTRIAR  10800208     234108301521083022710830153     120
CTRIAR    800209     134  830151  830226  830152     100
CTRIAR  10800209     234108301511083022610830152     120
CTRIAR    800210     134  830150  830225  830151     100
CTRIAR  10800210     234108301501083022510830151     120
CTRIAR    800211     134  830149  830223  830150     100
CTRIAR  10800211     234108301491083022310830150     120
CTRIAR    800212     134  830148  830224  830149     100
CTRIAR  10800212     234108301481083022410830149     120
CTRIAR    800213     134  830148  830144  830145     100
CTRIAR  10800213     234108301481083014410830145     120
CTRIAR    800214     134  830145  830117  830121     100
CTRIAR  10800214     234108301451083011710830121     120
CTRIAR    800215     134  830122  830224  830121     100
CTRIAR  10800215     234108301221083022410830121     120
CTRIAR    800216     134  830123  830223  830122     100
CTRIAR  10800216     234108301231083022310830122     120
CTRIAR    800217     134  830124  830225  830123     100
CTRIAR  10800217     234108301241083022510830123     120
CTRIAR    800218     134  830125  830226  830124     100
CTRIAR  10800218     234108301251083022610830124     120
CTRIAR    800219     134  830126  830227  830125     100
CTRIAR  10800219     234108301261083022710830125     120
CTRIAR    800220     134  830127  830221  830126     100
CTRIAR  10800220     234108301271083022110830126     120
CTRIAR    800221     134  830127  830143  830221     100
CTRIAR  10800221     234108301271083014310830221     120
CTRIAR    800222     134  830138  830141  830142     100
CTRIAR  10800222     234108301381083014110830142     120
CTRIAR    800223     134  830138  830142  830139     100
CTRIAR  10800223     234108301381083014210830139     120
CTRIAR    800224     134  830114  830111  830140     100
CTRIAR  10800224     234108301141083011110830140     120
CTRIAR    800225     134  830114  830140  830143     100
CTRIAR  10800225     234108301141083014010830143     120
CTRIAR    800226     134  830139  830143  830140     100
CTRIAR  10800226     234108301391083014310830140     120
CTRIAR    800227     134  830143  830139  830142     100
CTRIAR  10800227     234108301431083013910830142     120
CTRIAR    800228     134  830139  830135  830138     100
CTRIAR  10800228     234108301391083013510830138     120
CTRIAR    800229     134  830140  830228  830139     100
CTRIAR  10800229     234108301401083022810830139     120
CTRIAR    800230     134  830111  830137  830140     100
CTRIAR  10800230     234108301111083013710830140     120
CTRIAR    800231     134  830111  830108  830137     100
CTRIAR  10800231     234108301111083010810830137     120
CTRIAR    800232     134  830228  830140  830137     100
CTRIAR  10800232     234108302281083014010830137     120
CTRIAR    800233     134  830136  830228  830137     100
CTRIAR  10800233     234108301361083022810830137     120
CTRIAR    800234     134  830135  830228  830136     100
CTRIAR  10800234     234108301351083022810830136     120
CTRIAR    800235     134  830228  830135  830139     100
CTRIAR  10800235     234108302281083013510830139     120
CTRIAR    800236     134  830136   30056  830135     100
CTRIAR  10800236     234108301361003005610830135     120
CTRIAR    800237     134  830137  830229  830136     100
CTRIAR  10800237     234108301371083022910830136     120
CTRIAR    800238     134  830108   30054  830137     100
CTRIAR  10800238     234108301081003005410830137     120
CTRIAR    800239     134  830108   30053   30054     100
CTRIAR  10800239     234108301081003005310030054     120
CTRIAR    800240     134  830229  830137   30054     100
CTRIAR  10800240     234108302291083013710030054     120
CTRIAR    800241     134   30055  830229   30054     100
CTRIAR  10800241     234100300551083022910030054     120
CTRIAR    800242     134   30056  830229   30055     100
CTRIAR  10800242     234100300561083022910030055     120
CTRIAR    800243     134  830229   30056  830136     100
CTRIAR  10800243     234108302291003005610830136     120
CTRIAR    800244     134  830020  830086  830019     100
CTRIAR  10800244     234  83002010830086  830019     120
CTRIAR    800245     134  830021  830230  830020     100
CTRIAR  10800245     234  83002110830230  830020     120
CTRIAR    800246     134  830022  830231  830021     100
CTRIAR  10800246     234  83002210830231  830021     120
CTRIAR    800247     134  830023  830232  830022     100
CTRIAR  10800247     234  83002310830232  830022     120
CTRIAR    800248     134  830024  830233  830023     100
CTRIAR  10800248     234  83002410830233  830023     120
CTRIAR    800249     134  830025  830234  830024     100
CTRIAR  10800249     234  83002510830234  830024     120
CTRIAR    800250     134  830026  830235  830025     100
CTRIAR  10800250     234  83002610830235  830025     120
CTRIAR    800251     134  830027  830236  830026     100
CTRIAR  10800251     234  83002710830236  830026     120
CTRIAR    800252     134  830118  830236  830027     100
CTRIAR  10800252     2341083011810830236  830027     120
CTRIAR    800253     134  830099  830237  830118     100
CTRIAR  10800253     234108300991083023710830118     120
CTRIAR    800254     134  830120  830238  830099     100
CTRIAR  10800254     234108301201083023810830099     120
CTRIAR    800255     134  830119  830239  830120     100
CTRIAR  10800255     234108301191083023910830120     120
CTRIAR    800256     134  830147  830240  830119     100
CTRIAR  10800256     234108301471083024010830119     120
CTRIAR    800257     134  830077  830147  830076     100
CTRIAR  10800257     234108300771083014710830076     120
CTRIAR    800258     134  830078  830240  830077     100
CTRIAR  10800258     234108300781083024010830077     120
CTRIAR    800259     134  830079  830241  830078     100
CTRIAR  10800259     234108300791083024110830078     120
CTRIAR    800260     134  830080  830242  830079     100
CTRIAR  10800260     234108300801083024210830079     120
CTRIAR    800261     134  830081  830243  830080     100
CTRIAR  10800261     234108300811083024310830080     120
CTRIAR    800262     134  830082  830244  830081     100
CTRIAR  10800262     234108300821083024410830081     120
CTRIAR    800263     134  830083  830245  830082     100
CTRIAR  10800263     234108300831083024510830082     120
CTRIAR    800264     134  830146  830076  830147     100
CTRIAR  10800264     234108301461083007610830147     120
CTRIAR    800265     134  830076  830146  830075     100
CTRIAR  10800265     234108300761083014610830075     120
CTRIAR    800266     134  830084  830232  830083     100
CTRIAR  10800266     234108300841083023210830083     120
CTRIAR    800267     134  830022  830232  830231     100
CTRIAR  10800267     234  8300221083023210830231     120
CTRIAR    800268     134  830231  830232  830084     100
CTRIAR  10800268     234108302311083023210830084     120
CTRIAR    800269     134  830085  830231  830084     100
CTRIAR  10800269     234108300851083023110830084     120
CTRIAR    800270     134  830021  830085  830230     100
CTRIAR  10800270     234  8300211083008510830230     120
CTRIAR    800271     134  830085  830021  830231     100
CTRIAR  10800271     23410830085  83002110830231     120
CTRIAR    800272     134  830086  830230  830085     100
CTRIAR  10800272     234108300861083023010830085     120
CTRIAR    800273     134  830230  830086  830020     100
CTRIAR  10800273     2341083023010830086  830020     120
CTRIAR    800274     134  830134  830090  830117     100
CTRIAR  10800274     234108301341083009010830117     120
CTRIAR    800275     134  830133  830246  830134     100
CTRIAR  10800275     234108301331083024610830134     120
CTRIAR    800276     134  830132  830247  830133     100
CTRIAR  10800276     234108301321083024710830133     120
CTRIAR    800277     134  830131  830248  830132     100
CTRIAR  10800277     234108301311083024810830132     120
CTRIAR    800278     134  830130  830249  830131     100
CTRIAR  10800278     234108301301083024910830131     120
CTRIAR    800279     134  830128  830250  830129     100
CTRIAR  10800279     234108301281083025010830129     120
CTRIAR    800280     134  830119  830251  830128     100
CTRIAR  10800280     234108301191083025110830128     120
CTRIAR    800281     134  830120  830251  830119     100
CTRIAR  10800281     234108301201083025110830119     120
CTRIAR    800282     134  830120  830099  830100     100
CTRIAR  10800282     234108301201083009910830100     120
CTRIAR    800283     134  830101  830251  830100     100
CTRIAR  10800283     234108301011083025110830100     120
CTRIAR    800284     134  830101  830250  830251     100
CTRIAR  10800284     234108301011083025010830251     120
CTRIAR    800285     134  830250  830101  830102     100
CTRIAR  10800285     234108302501083010110830102     120
CTRIAR    800286     134  830248  830131  830249     100
CTRIAR  10800286     234108302481083013110830249     120
CTRIAR    800287     134  830249  830103  830248     100
CTRIAR  10800287     234108302491083010310830248     120
CTRIAR    800288     134  830104  830248  830103     100
CTRIAR  10800288     234108301041083024810830103     120
CTRIAR    800289     134  830105  830247  830104     100
CTRIAR  10800289     234108301051083024710830104     120
CTRIAR    800290     134  830246  830133  830247     100
CTRIAR  10800290     234108302461083013310830247     120
CTRIAR    800291     134  830247  830132  830248     100
CTRIAR  10800291     234108302471083013210830248     120
CTRIAR    800292     134  830248  830104  830247     100
CTRIAR  10800292     234108302481083010410830247     120
CTRIAR    800293     134  830105  830246  830247     100
CTRIAR  10800293     234108301051083024610830247     120
CTRIAR    800294     134  830106  830246  830105     100
CTRIAR  10800294     234108301061083024610830105     120
CTRIAR    800295     134  830090  830134  830106     100
CTRIAR  10800295     234108300901083013410830106     120
CTRIAR    800296     134  830106  830134  830246     100
CTRIAR  10800296     234108301061083013410830246     120
CTRIAR    800297     134  830251  830250  830128     100
CTRIAR  10800297     234108302511083025010830128     120
CTRIAR    800298     134  830251  830120  830100     100
CTRIAR  10800298     234108302511083012010830100     120
CTRIAR    800299     134  830115  830098  830089     100
CTRIAR  10800299     234108301151083009810830089     120
CTRIAR    800300     134  830114  830252  830115     100
CTRIAR  10800300     234108301141083025210830115     120
CTRIAR    800301     134  830127  830252  830114     100
CTRIAR  10800301     234108301271083025210830114     120
CTRIAR    800302     134  830126  830097  830127     100
CTRIAR  10800302     234108301261083009710830127     120
CTRIAR    800303     134  830125  830256  830126     100
CTRIAR  10800303     234108301251083025610830126     120
CTRIAR    800304     134  830124  830253  830125     100
CTRIAR  10800304     234108301241083025310830125     120
CTRIAR    800305     134  830123  830255  830124     100
CTRIAR  10800305     234108301231083025510830124     120
CTRIAR    800306     134  830122  830254  830123     100
CTRIAR  10800306     234108301221083025410830123     120
CTRIAR    800307     134  830091  830092  830254     100
CTRIAR  10800307     234108300911083009210830254     120
CTRIAR    800308     134  830093  830254  830092     100
CTRIAR  10800308     234108300931083025410830092     120
CTRIAR    800309     134  830094  830255  830093     100
CTRIAR  10800309     234108300941083025510830093     120
CTRIAR    800310     134  830253  830124  830255     100
CTRIAR  10800310     234108302531083012410830255     120
CTRIAR    800311     134  830255  830094  830253     100
CTRIAR  10800311     234108302551083009410830253     120
CTRIAR    800312     134  830095  830253  830094     100
CTRIAR  10800312     234108300951083025310830094     120
CTRIAR    800313     134  830096  830256  830095     100
CTRIAR  10800313     234108300961083025610830095     120
CTRIAR    800314     134  830097  830126  830256     100
CTRIAR  10800314     234108300971083012610830256     120
CTRIAR    800315     134  830256  830096  830097     100
CTRIAR  10800315     234108302561083009610830097     120
CTRIAR    800316     134  830115  830252  830098     100
CTRIAR  10800316     234108301151083025210830098     120
CTRIAR    800317     134  830256  830253  830095     100
CTRIAR  10800317     234108302561083025310830095     120
CTRIAR    800318     134  830256  830125  830253     100
CTRIAR  10800318     234108302561083012510830253     120
CTRIAR    800319     134  830255  830254  830093     100
CTRIAR  10800319     234108302551083025410830093     120
CTRIAR    800320     134  830255  830123  830254     100
CTRIAR  10800320     234108302551083012310830254     120
CTRIAR    800321     134  830111  830114  830115     100
CTRIAR  10800321     234108301111083011410830115     120
CTRIAR    800322     134  830111  830115  830112     100
CTRIAR  10800322     234108301111083011510830112     120
CTRIAR    800323     134  830088  830112  830089     100
CTRIAR  10800323     234108300881083011210830089     120
CTRIAR    800324     134  830089  830112  830115     100
CTRIAR  10800324     234108300891083011210830115     120
CTRIAR    800325     134  830112  830108  830111     100
CTRIAR  10800325     234108301121083010810830111     120
CTRIAR    800326     134  830088  830109  830112     100
CTRIAR  10800326     234108300881083010910830112     120
CTRIAR    800327     134  830087  830109  830088     100
CTRIAR  10800327     234108300871083010910830088     120
CTRIAR    800328     134  830108  830112  830109     100
CTRIAR  10800328     234108301081083011210830109     120
CTRIAR    800329     134  830109   30053  830108     100
CTRIAR  10800329     234108301091003005310830108     120
CTRIAR    800330     134  830087   30052  830109     100
CTRIAR  10800330     234108300871003005210830109     120
CTRIAR    800331     134   30051   30052  830087     100
CTRIAR  10800331     234100300511003005210830087     120
CTRIAR    800332     134   30053  830109   30052     100
CTRIAR  10800332     234100300531083010910030052     120
CTRIAR    800333     134  830196  830098  830184     100
CTRIAR  10800333     234108301961083009810830184     120
CTRIAR    800334     134  830184  830097  830185     100
CTRIAR  10800334     234108301841083009710830185     120
CTRIAR    800335     134  830185  830096  830186     100
CTRIAR  10800335     234108301851083009610830186     120
CTRIAR    800336     134  830186  830095  830187     100
CTRIAR  10800336     234108301861083009510830187     120
CTRIAR    800337     134  830187  830094  830188     100
CTRIAR  10800337     234108301871083009410830188     120
CTRIAR    800338     134  830188  830093  830189     100
CTRIAR  10800338     234108301881083009310830189     120
CTRIAR    800339     134  830189  830092  830190     100
CTRIAR  10800339     234108301891083009210830190     120
CTRIAR    800340     134  830190  830091  830116     100
CTRIAR  10800340     234108301901083009110830116     120
$ CTRIAR    800341     134  830190  830116  830037     100
$ CTRIAR  10800341     2341083019010830116  830037     120
$ CTRIAR    800342     134  830189  830190  830038     100
$ CTRIAR  10800342     2341083018910830190  830038     120
$ CTRIAR    800343     134  830189  830039  830191     100
$ CTRIAR  10800343     23410830189  83003910830191     120
$ CTRIAR    800344     134  830191  830040  830192     100
$ CTRIAR  10800344     23410830191  83004010830192     120
$ CTRIAR    800345     134  830192  830041  830193     100
$ CTRIAR  10800345     23410830192  83004110830193     120
$ CTRIAR    800346     134  830193  830042  830194     100
$ CTRIAR  10800346     23410830193  83004210830194     120
$ CTRIAR    800347     134  830194  830043  830195     100
$ CTRIAR  10800347     23410830194  83004310830195     120
$ CTRIAR    800348     134  830195  830044  830196     100
$ CTRIAR  10800348     23410830195  83004410830196     120
CTRIAR    800349     134  830201  830104  830200     100
CTRIAR  10800349     234108302011083010410830200     120
CTRIAR    800350     134  830200  830103  830199     100
CTRIAR  10800350     234108302001083010310830199     120
CTRIAR    800351     134  830199  830102  830198     100
CTRIAR  10800351     234108301991083010210830198     120
CTRIAR    800352     134  830198  830101  830197     100
CTRIAR  10800352     234108301981083010110830197     120
CTRIAR    800353     134  830197  830100  830203     100
CTRIAR  10800353     234108301971083010010830203     120
CTRIAR    800354     134  830220  830129  830211     100
CTRIAR  10800354     234108302201083012910830211     120
CTRIAR    800355     134  830211  830130  830212     100
CTRIAR  10800355     234108302111083013010830212     120
CTRIAR    800356     134  830212  830131  830213     100
CTRIAR  10800356     234108302121083013110830213     120
CTRIAR    800357     134  830213  830132  830214     100
CTRIAR  10800357     234108302131083013210830214     120
CTRIAR    800358     134  830214  830133  830215     100
CTRIAR  10800358     234108302141083013310830215     120
CTRIAR    800359     134  830215  830134  830145     100
CTRIAR  10800359     234108302151083013410830145     120
CTRIAR    800360     134  830215  830145  830159     100
CTRIAR  10800360     234108302151083014510830159     120
CTRIAR    800361     134  830214  830215  830158     100
CTRIAR  10800361     234108302141083021510830158     120
CTRIAR    800362     134  830214  830157  830216     100
CTRIAR  10800362     234108302141083015710830216     120
CTRIAR    800363     134  830216  830156  830217     100
CTRIAR  10800363     234108302161083015610830217     120
CTRIAR    800364     134  830217  830155  830218     100
CTRIAR  10800364     234108302171083015510830218     120
CTRIAR    800365     134  830218  830154  830219     100
CTRIAR  10800365     234108302181083015410830219     120
CTRIAR    800366     134  830219  830146  830220     100
CTRIAR  10800366     234108302191083014610830220     120
CTRIAR    800367     134  830221  830142  830222     100
CTRIAR  10800367     234108302211083014210830222     120
CTRIAR    800368     134  830222  830153  830227     100
CTRIAR  10800368     234108302221083015310830227     120
CTRIAR    800369     134  830227  830152  830226     100
CTRIAR  10800369     234108302271083015210830226     120
CTRIAR    800370     134  830226  830151  830225     100
CTRIAR  10800370     234108302261083015110830225     120
CTRIAR    800371     134  830225  830150  830223     100
CTRIAR  10800371     234108302251083015010830223     120
CTRIAR    800372     134  830223  830149  830224     100
CTRIAR  10800372     234108302231083014910830224     120
CTRIAR    800373     134  830224  830148  830145     100
CTRIAR  10800373     234108302241083014810830145     120
CTRIAR    800374     134  830224  830145  830121     100
CTRIAR  10800374     234108302241083014510830121     120
CTRIAR    800375     134  830223  830224  830122     100
CTRIAR  10800375     234108302231083022410830122     120
CTRIAR    800376     134  830223  830123  830225     100
CTRIAR  10800376     234108302231083012310830225     120
CTRIAR    800377     134  830225  830124  830226     100
CTRIAR  10800377     234108302251083012410830226     120
CTRIAR    800378     134  830226  830125  830227     100
CTRIAR  10800378     234108302261083012510830227     120
CTRIAR    800379     134  830227  830126  830221     100
CTRIAR  10800379     234108302271083012610830221     120
CTRIAR    800380     134  830239  830238  830120     100
CTRIAR  10800380     234108302391083023810830120     120
CTRIAR    800381     134  830239  830119  830240     100
CTRIAR  10800381     234108302391083011910830240     120
CTRIAR    800382     134  830240  830147  830077     100
CTRIAR  10800382     234108302401083014710830077     120
CTRIAR    800383     134  830078  830239  830240     100
CTRIAR  10800383     234108300781083023910830240     120
CTRIAR    800384     134  830239  830078  830241     100
CTRIAR  10800384     234108302391083007810830241     120
CTRIAR    800385     134  830241  830079  830242     100
CTRIAR  10800385     234108302411083007910830242     120
CTRIAR    800386     134  830242  830080  830243     100
CTRIAR  10800386     234108302421083008010830243     120
CTRIAR    800387     134  830243  830081  830244     100
CTRIAR  10800387     234108302431083008110830244     120
CTRIAR    800388     134  830244  830082  830245     100
CTRIAR  10800388     234108302441083008210830245     120
CTRIAR    800389     134  830245  830083  830232     100
CTRIAR  10800389     234108302451083008310830232     120
CTRIAR    800390     134  830236  830235  830026     100
CTRIAR  10800390     2341083023610830235  830026     120
CTRIAR    800391     134  830236  830118  830237     100
CTRIAR  10800391     234108302361083011810830237     120
CTRIAR    800392     134  830237  830099  830238     100
CTRIAR  10800392     234108302371083009910830238     120
CTRIAR    800393     134  830238  830239  830241     100
CTRIAR  10800393     234108302381083023910830241     120
CTRIAR    800394     134  830233  830232  830023     100
CTRIAR  10800394     2341083023310830232  830023     120
CTRIAR    800395     134  830232  830233  830245     100
CTRIAR  10800395     234108302321083023310830245     120
$ CTRIAR    800396     134  830184  830195  830196     100
$ CTRIAR  10800396     234108301841083019510830196     120
$ CTRIAR    800397     134  830195  830184  830185     100
$ CTRIAR  10800397     234108301951083018410830185     120
$ CTRIAR    800398     134  830185  830194  830195     100
$ CTRIAR  10800398     234108301851083019410830195     120
$ CTRIAR    800399     134  830194  830185  830186     100
$ CTRIAR  10800399     234108301941083018510830186     120
$ CTRIAR    800400     134  830186  830193  830194     100
$ CTRIAR  10800400     234108301861083019310830194     120
$ CTRIAR    800401     134  830193  830186  830187     100
$ CTRIAR  10800401     234108301931083018610830187     120
$ CTRIAR    800402     134  830187  830192  830193     100
$ CTRIAR  10800402     234108301871083019210830193     120
$ CTRIAR    800403     134  830192  830187  830188     100
$ CTRIAR  10800403     234108301921083018710830188     120
$ CTRIAR    800404     134  830188  830191  830192     100
$ CTRIAR  10800404     234108301881083019110830192     120
$ CTRIAR    800405     134  830191  830188  830189     100
$ CTRIAR  10800405     234108301911083018810830189     120
CTRIAR    800406     134  830216  830213  830214     100
CTRIAR  10800406     234108302161083021310830214     120
CTRIAR    800407     134  830216  830212  830213     100
CTRIAR  10800407     234108302161083021210830213     120
CTRIAR    800408     134  830212  830216  830217     100
CTRIAR  10800408     234108302121083021610830217     120
CTRIAR    800409     134  830211  830219  830220     100
CTRIAR  10800409     234108302111083021910830220     120
CTRIAR    800410     134  830211  830218  830219     100
CTRIAR  10800410     234108302111083021810830219     120
CTRIAR    800411     134  830211  830217  830218     100
CTRIAR  10800411     234108302111083021710830218     120
CTRIAR    800412     134  830217  830211  830212     100
CTRIAR  10800412     234108302171083021110830212     120
CTRIAR    800413     134  830222  830227  830221     100
CTRIAR  10800413     234108302221083022710830221     120
CTRIAR    800414     134  830234  830233  830024     100
CTRIAR  10800414     2341083023410830233  830024     120
CTRIAR    800415     134  830234  830025  830235     100
CTRIAR  10800415     23410830234  83002510830235     120
CTRIAR    800416     134  830236  830257  830235     100
CTRIAR  10800416     234108302361083025710830235     120
CTRIAR    800417     134  830257  830236  830237     100
CTRIAR  10800417     234108302571083023610830237     120
CTRIAR    800418     134  830237  830258  830257     100
CTRIAR  10800418     234108302371083025810830257     120
CTRIAR    800419     134  830258  830237  830238     100
CTRIAR  10800419     234108302581083023710830238     120
CTRIAR    800420     134  830258  830238  830241     100
CTRIAR  10800420     234108302581083023810830241     120
CTRIAR    800421     134  830258  830241  830242     100
CTRIAR  10800421     234108302581083024110830242     120
CTRIAR    800422     134  830242  830257  830258     100
CTRIAR  10800422     234108302421083025710830258     120
CTRIAR    800423     134  830257  830242  830243     100
CTRIAR  10800423     234108302571083024210830243     120
CTRIAR    800424     134  830243  830259  830257     100
CTRIAR  10800424     234108302431083025910830257     120
CTRIAR    800425     134  830259  830243  830244     100
CTRIAR  10800425     234108302591083024310830244     120
CTRIAR    800426     134  830244  830260  830259     100
CTRIAR  10800426     234108302441083026010830259     120
CTRIAR    800427     134  830260  830244  830245     100
CTRIAR  10800427     234108302601083024410830245     120
CTRIAR    800428     134  830260  830245  830233     100
CTRIAR  10800428     234108302601083024510830233     120
CTRIAR    800429     134  830260  830233  830234     100
CTRIAR  10800429     234108302601083023310830234     120
CTRIAR    800430     134  830259  830235  830257     100
CTRIAR  10800430     234108302591083023510830257     120
CTRIAR    800431     134  830259  830234  830235     100
CTRIAR  10800431     234108302591083023410830235     120
CTRIAR    800432     134  830234  830259  830260     100
CTRIAR  10800432     234108302341083025910830260     120
CTRIAR    800433     134  830163  830079  830162     100
CTRIAR  10800433     234108301631083007910830162     120
CTRIAR    800434     134  830078  830162  830079     100
CTRIAR  10800434     234108300781083016210830079     120
CTRIAR    800435     134  830129  830250  830130     100
CTRIAR  10800435     234108301291083025010830130     120
CTRIAR    800436     134  830103  830249  830102     100
CTRIAR  10800436     234108301031083024910830102     120
CTRIAR    800437     134  830130  830250  830249     100
CTRIAR  10800437     234108301301083025010830249     120
CTRIAR    800438     134  830102  830249  830250     100
CTRIAR  10800438     234108301021083024910830250     120
CTRIAR    800439     134  830091  830254  830121     100
CTRIAR  10800439     234108300911083025410830121     120
CTRIAR    800440     134  830122  830121  830254     100
CTRIAR  10800440     234108301221083012110830254     120
CTRIAR    800441     134  830090  830091  830117     100
CTRIAR  10800441     234108300901083009110830117     120
CTRIAR    800442     134  830121  830117  830091     100
CTRIAR  10800442     234108301211083011710830091     120
CTRIAR    800443     134  830098  830252  830097     100
CTRIAR  10800443     234108300981083025210830097     120
CTRIAR    800444     134  830127  830097  830252     100
CTRIAR  10800444     234108301271083009710830252     120
