CTRIAR    310001     111  319401  319501  110195     101
CTRIAR  10310001     111103194011031950110110195     121
CTRIAR    310002     111  110195  110194  319401     101
CTRIAR  10310002     111101101951011019410319401     121
CTRIAR    310003     111  319501  317001  110195     101
CTRIAR  10310003     111103195011031700110110195     121
CTRIAR    310004     111  110195  317001  110170     101
CTRIAR  10310004     111101101951031700110110170     121
CTRIAR    310005     111  210217  321801  321701     101
CTRIAR  10310005     111102102171032180110321701     121
CTRIAR    310006     111  210218  321801  210217     101
CTRIAR  10310006     111102102181032180110210217     121
CTRIAR    310007     111  110262  326201  110263     101
CTRIAR  10310007     111101102621032620110110263     121
CTRIAR    310008     111  110263  326201  326301     101
CTRIAR  10310008     111101102631032620110326301     121
CTRIAR    310009     111  210195  319501  319401     101
CTRIAR  10310009     111102101951031950110319401     121
CTRIAR    310010     111  319401  210194  210195     101
CTRIAR  10310010     111103194011021019410210195     121
CTRIAR    310011     111  110170  317001  110171     101
CTRIAR  10310011     111101101701031700110110171     121
CTRIAR    310012     111  110171  317001  317101     101
CTRIAR  10310012     111101101711031700110317101     121
CTRIAR    310013     111  210216  324101  210241     101
CTRIAR  10310013     111102102161032410110210241     121
CTRIAR    310014     111  321601  324101  210216     101
CTRIAR  10310014     111103216011032410110210216     121
CTRIAR    310015     111  210216  210217  321701     101
CTRIAR  10310015     111102102161021021710321701     121
CTRIAR    310016     111  321701  321601  210216     101
CTRIAR  10310016     111103217011032160110210216     121
CTRIAR    310017     111  110240  324101  110241     101
CTRIAR  10310017     111101102401032410110110241     121
CTRIAR    310018     111  324001  324101  110240     101
CTRIAR  10310018     111103240011032410110110240     121
CTRIAR    310019     111  326301  326201  210263     101
CTRIAR  10310019     111103263011032620110210263     121
CTRIAR    310020     111  210263  326201  210262     101
CTRIAR  10310020     111102102631032620110210262     121
CTRIAR    310021     111  210241  324101  210240     101
CTRIAR  10310021     111102102411032410110210240     121
CTRIAR    310022     111  210240  324101  324001     101
CTRIAR  10310022     111102102401032410110324001     121
CTRIAR    310023     111  110264  110263  326401     101
CTRIAR  10310023     111101102641011026310326401     121
CTRIAR    310024     111  326401  110263  326301     101
CTRIAR  10310024     111103264011011026310326301     121
CTRIAR    310025     111  326401  210263  210264     101
CTRIAR  10310025     111103264011021026310210264     121
CTRIAR    310026     111  326301  210263  326401     101
CTRIAR  10310026     111103263011021026310326401     121
CTRIAR    310027     111  210193  321801  210218     101
CTRIAR  10310027     111102101931032180110210218     121
CTRIAR    310028     111  210193  319301  321801     101
CTRIAR  10310028     111102101931031930110321801     121
CTRIAR    310029     111  210193  210194  319401     101
CTRIAR  10310029     111102101931021019410319401     121
CTRIAR    310030     111  319401  319301  210193     101
CTRIAR  10310030     111103194011031930110210193     121
CTRIAR    310031     111  110216  324101  321601     101
CTRIAR  10310031     111101102161032410110321601     121
CTRIAR    310032     111  110241  324101  110216     101
CTRIAR  10310032     111101102411032410110110216     121
CTRIAR    310033     111  110216  321601  321701     101
CTRIAR  10310033     111101102161032160110321701     121
CTRIAR    310034     111  321701  110217  110216     101
CTRIAR  10310034     111103217011011021710110216     121
CTRIAR    310035     111  319401  110194  110193     101
CTRIAR  10310035     111103194011011019410110193     121
CTRIAR    310036     111  110193  319301  319401     101
CTRIAR  10310036     111101101931031930110319401     121
CTRIAR    310037     111  210356  210331  333101     101
CTRIAR  10310037     111102103561021033110333101     121
CTRIAR    310038     111  333101  335601  210356     101
CTRIAR  10310038     111103331011033560110210356     121
CTRIAR    310039     111  342501  110425  110424     101
CTRIAR  10310039     111103425011011042510110424     121
CTRIAR    310040     111  110424  342401  342501     101
CTRIAR  10310040     111101104241034240110342501     121
CTRIAR    310041     111  110400  110425  342501     101
CTRIAR  10310041     111101104001011042510342501     121
CTRIAR    310042     111  342501  340001  110400     101
CTRIAR  10310042     111103425011034000110110400     121
CTRIAR    310043     111  349201  110492  110115     101
CTRIAR  10310043     111103492011011049210110115     121
CTRIAR    310044     111  349201  110115  311501     101
CTRIAR  10310044     111103492011011011510311501     121
CTRIAR    310045     111  110286  110285  328501     101
CTRIAR  10310045     111101102861011028510328501     121
CTRIAR    310046     111  328501  328601  110286     101
CTRIAR  10310046     111103285011032860110110286     121
CTRIAR    310047     111  328501  210285  210286     101
CTRIAR  10310047     111103285011021028510210286     121
CTRIAR    310048     111  210286  328601  328501     101
CTRIAR  10310048     111102102861032860110328501     121
CTRIAR    310049     111  110144  314401  314501     101
CTRIAR  10310049     111101101441031440110314501     121
CTRIAR    310050     111  314501  110145  110144     101
CTRIAR  10310050     111103145011011014510110144     121
CTRIAR    310051     111  305901  110059  110133     101
CTRIAR  10310051     111103059011011005910110133     121
CTRIAR    310052     111  110133  313301  305901     101
CTRIAR  10310052     111101101331031330110305901     121
CTRIAR    310053     111  110264  326401  110239     101
CTRIAR  10310053     111101102641032640110110239     121
CTRIAR    310054     111  110239  326401  323901     101
CTRIAR  10310054     111101102391032640110323901     121
CTRIAR    310055     111  324001  110240  110239     101
CTRIAR  10310055     111103240011011024010110239     121
CTRIAR    310056     111  323901  324001  110239     101
CTRIAR  10310056     111103239011032400110110239     121
CTRIAR    310057     111  210239  326401  210264     101
CTRIAR  10310057     111102102391032640110210264     121
CTRIAR    310058     111  323901  326401  210239     101
CTRIAR  10310058     111103239011032640110210239     121
CTRIAR    310059     111  210239  210240  324001     101
CTRIAR  10310059     111102102391021024010324001     121
CTRIAR    310060     111  210239  324001  323901     101
CTRIAR  10310060     111102102391032400110323901     121
CTRIAR    310061     111  321701  321801  110218     101
CTRIAR  10310061     111103217011032180110110218     121
CTRIAR    310062     111  110218  110217  321701     101
CTRIAR  10310062     111101102181011021710321701     121
CTRIAR    310063     111  321801  319301  110218     101
CTRIAR  10310063     111103218011031930110110218     121
CTRIAR    310064     111  319301  110193  110218     101
CTRIAR  10310064     111103193011011019310110218     121
CTRIAR    310065     111  305901  313301  210133     101
CTRIAR  10310065     111103059011031330110210133     121
CTRIAR    310066     111  210133  210059  305901     101
CTRIAR  10310066     111102101331021005910305901     121
CTRIAR    310067     111  313301  314601  210133     101
CTRIAR  10310067     111103133011031460110210133     121
CTRIAR    310068     111  314601  210146  210133     101
CTRIAR  10310068     111103146011021014610210133     121
CTRIAR    310069     111  314501  314401  210145     101
CTRIAR  10310069     111103145011031440110210145     121
CTRIAR    310070     111  314401  210144  210145     101
CTRIAR  10310070     111103144011021014410210145     121
CTRIAR    310071     111  210145  210146  314601     101
CTRIAR  10310071     111102101451021014610314601     121
CTRIAR    310072     111  210145  314601  314501     101
CTRIAR  10310072     111102101451031460110314501     121
CTRIAR    310073     111  110172  110171  317201     101
CTRIAR  10310073     111101101721011017110317201     121
CTRIAR    310074     111  317201  110171  317101     101
CTRIAR  10310074     111103172011011017110317101     121
CTRIAR    310075     111  317201  110144  110172     101
CTRIAR  10310075     111103172011011014410110172     121
CTRIAR    310076     111  314401  110144  317201     101
CTRIAR  10310076     111103144011011014410317201     121
CTRIAR    310077     111  317201  210172  210144     101
CTRIAR  10310077     111103172011021017210210144     121
CTRIAR    310078     111  317201  210144  314401     101
CTRIAR  10310078     111103172011021014410314401     121
CTRIAR    310079     111  210171  317201  317101     101
CTRIAR  10310079     111102101711031720110317101     121
CTRIAR    310080     111  210172  317201  210171     101
CTRIAR  10310080     111102101721031720110210171     121
CTRIAR    310081     111  110400  340001  110401     101
CTRIAR  10310081     111101104001034000110110401     121
CTRIAR    310082     111  110401  340001  340101     101
CTRIAR  10310082     111101104011034000110340101     121
CTRIAR    310083     111  337701  337801  110378     101
CTRIAR  10310083     111103377011033780110110378     121
CTRIAR    310084     111  110378  110377  337701     101
CTRIAR  10310084     111101103781011037710337701     121
CTRIAR    310085     111  335401  335501  110354     101
CTRIAR  10310085     111103354011033550110110354     121
CTRIAR    310086     111  335501  110355  110354     101
CTRIAR  10310086     111103355011011035510110354     121
CTRIAR    310087     111  335601  333101  110356     101
CTRIAR  10310087     111103356011033310110110356     121
CTRIAR    310088     111  110356  333101  110331     101
CTRIAR  10310088     111101103561033310110110331     121
CTRIAR    310089     111  110356  110355  335501     101
CTRIAR  10310089     111101103561011035510335501     121
CTRIAR    310090     111  335501  335601  110356     101
CTRIAR  10310090     111103355011033560110110356     121
CTRIAR    310091     111  210356  335601  210355     101
CTRIAR  10310091     111102103561033560110210355     121
CTRIAR    310092     111  210355  335601  335501     101
CTRIAR  10310092     111102103551033560110335501     121
CTRIAR    310093     111  210355  335501  335401     101
CTRIAR  10310093     111102103551033550110335401     121
CTRIAR    310094     111  335401  210354  210355     101
CTRIAR  10310094     111103354011021035410210355     121
CTRIAR    310095     111  340001  342501  210400     101
CTRIAR  10310095     111103400011034250110210400     121
CTRIAR    310096     111  210400  342501  210425     101
CTRIAR  10310096     111102104001034250110210425     121
CTRIAR    310097     111  210377  337801  337701     101
CTRIAR  10310097     111102103771033780110337701     121
CTRIAR    310098     111  210377  210378  337801     101
CTRIAR  10310098     111102103771021037810337801     121
CTRIAR    310099     111  210402  210377  340201     101
CTRIAR  10310099     111102104021021037710340201     121
CTRIAR    310100     111  340201  210377  337701     101
CTRIAR  10310100     111103402011021037710337701     121
CTRIAR    310101     111  330801  330901  110308     101
CTRIAR  10310101     111103308011033090110110308     121
CTRIAR    310102     111  110308  330901  110309     101
CTRIAR  10310102     111101103081033090110110309     121
CTRIAR    310103     111  110331  333101  110332     101
CTRIAR  10310103     111101103311033310110110332     121
CTRIAR    310104     111  110332  333101  333201     101
CTRIAR  10310104     111101103321033310110333201     121
CTRIAR    310105     111  210308  330901  330801     101
CTRIAR  10310105     111102103081033090110330801     121
CTRIAR    310106     111  210309  330901  210308     101
CTRIAR  10310106     111102103091033090110210308     121
CTRIAR    310107     111  210332  333101  210331     101
CTRIAR  10310107     111102103321033310110210331     121
CTRIAR    310108     111  333201  333101  210332     101
CTRIAR  10310108     111103332011033310110210332     121
CTRIAR    310109     111  110333  110332  333301     101
CTRIAR  10310109     111101103331011033210333301     121
CTRIAR    310110     111  333301  110332  333201     101
CTRIAR  10310110     111103333011011033210333201     121
CTRIAR    310111     111  333301  210332  210333     101
CTRIAR  10310111     111103333011021033210210333     121
CTRIAR    310112     111  333201  210332  333301     101
CTRIAR  10310112     111103332011021033210333301     121
CTRIAR    310113     111  333301  110308  110333     101
CTRIAR  10310113     111103333011011030810110333     121
CTRIAR    310114     111  330801  110308  333301     101
CTRIAR  10310114     111103308011011030810333301     121
CTRIAR    310115     111  210333  210308  333301     101
CTRIAR  10310115     111102103331021030810333301     121
CTRIAR    310116     111  333301  210308  330801     101
CTRIAR  10310116     111103333011021030810330801     121
CTRIAR    310117     111  210424  342501  342401     101
CTRIAR  10310117     111102104241034250110342401     121
CTRIAR    310118     111  210425  342501  210424     101
CTRIAR  10310118     111102104251034250110210424     121
CTRIAR    310119     111  342301  110424  110423     101
CTRIAR  10310119     111103423011011042410110423     121
CTRIAR    310120     111  342301  342401  110424     101
CTRIAR  10310120     111103423011034240110110424     121
CTRIAR    310121     111  210423  210424  342301     101
CTRIAR  10310121     111102104231021042410342301     121
CTRIAR    310122     111  342301  210424  342401     101
CTRIAR  10310122     111103423011021042410342401     121
CTRIAR    310123     111  210492  349201  311501     101
CTRIAR  10310123     111102104921034920110311501     121
CTRIAR    310124     111  311501  210115  210492     101
CTRIAR  10310124     111103115011021011510210492     121
CTRIAR    310125     111  110493  110492  349301     101
CTRIAR  10310125     111101104931011049210349301     121
CTRIAR    310126     111  110492  349201  349301     101
CTRIAR  10310126     111101104921034920110349301     121
CTRIAR    310127     111  349301  210492  210493     101
CTRIAR  10310127     111103493011021049210210493     121
CTRIAR    310128     111  349201  210492  349301     101
CTRIAR  10310128     111103492011021049210349301     121
CTRIAR    310129     111  349301  110494  110493     101
CTRIAR  10310129     111103493011011049410110493     121
CTRIAR    310130     111  349301  349401  110494     101
CTRIAR  10310130     111103493011034940110110494     121
CTRIAR    310131     111  349301  210493  210494     101
CTRIAR  10310131     111103493011021049310210494     121
CTRIAR    310132     111  210494  349401  349301     101
CTRIAR  10310132     111102104941034940110349301     121
CTRIAR    310133     111  347101  110471  110470     101
CTRIAR  10310133     111103471011011047110110470     121
CTRIAR    310134     111  110470  347001  347101     101
CTRIAR  10310134     111101104701034700110347101     121
CTRIAR    310135     111  346901  110470  110469     101
CTRIAR  10310135     111103469011011047010110469     121
CTRIAR    310136     111  346901  347001  110470     101
CTRIAR  10310136     111103469011034700110110470     121
CTRIAR    310137     111  110469  110494  346901     101
CTRIAR  10310137     111101104691011049410346901     121
CTRIAR    310138     111  110494  349401  346901     101
CTRIAR  10310138     111101104941034940110346901     121
CTRIAR    310139     111  210494  210469  346901     101
CTRIAR  10310139     111102104941021046910346901     121
CTRIAR    310140     111  346901  349401  210494     101
CTRIAR  10310140     111103469011034940110210494     121
CTRIAR    310141     111  210470  347101  347001     101
CTRIAR  10310141     111102104701034710110347001     121
CTRIAR    310142     111  210471  347101  210470     101
CTRIAR  10310142     111102104711034710110210470     121
CTRIAR    310143     111  347001  346901  210470     101
CTRIAR  10310143     111103470011034690110210470     121
CTRIAR    310144     111  210470  346901  210469     101
CTRIAR  10310144     111102104701034690110210469     121
CTRIAR    310145     111  110287  326201  110262     101
CTRIAR  10310145     111101102871032620110110262     121
CTRIAR    310146     111  328701  326201  110287     101
CTRIAR  10310146     111103287011032620110110287     121
CTRIAR    310147     111  110287  110286  328601     101
CTRIAR  10310147     111101102871011028610328601     121
CTRIAR    310148     111  110287  328601  328701     101
CTRIAR  10310148     111101102871032860110328701     121
CTRIAR    310149     111  210262  326201  210287     101
CTRIAR  10310149     111102102621032620110210287     121
CTRIAR    310150     111  210287  326201  328701     101
CTRIAR  10310150     111102102871032620110328701     121
CTRIAR    310151     111  328601  210286  210287     101
CTRIAR  10310151     111103286011021028610210287     121
CTRIAR    310152     111  328701  328601  210287     101
CTRIAR  10310152     111103287011032860110210287     121
CTRIAR    310153     111  210310  330901  210309     101
CTRIAR  10310153     111102103101033090110210309     121
CTRIAR    310154     111  210310  331001  330901     101
CTRIAR  10310154     111102103101033100110330901     121
CTRIAR    310155     111  210310  210285  328501     101
CTRIAR  10310155     111102103101021028510328501     121
CTRIAR    310156     111  328501  331001  210310     101
CTRIAR  10310156     111103285011033100110210310     121
CTRIAR    310157     111  110309  330901  110310     101
CTRIAR  10310157     111101103091033090110110310     121
CTRIAR    310158     111  330901  331001  110310     101
CTRIAR  10310158     111103309011033100110110310     121
CTRIAR    310159     111  328501  110285  110310     101
CTRIAR  10310159     111103285011011028510110310     121
CTRIAR    310160     111  110310  331001  328501     101
CTRIAR  10310160     111101103101033100110328501     121
CTRIAR    310161     111  110146  110145  314501     101
CTRIAR  10310161     111101101461011014510314501     121
CTRIAR    310162     111  314501  314601  110146     101
CTRIAR  10310162     111103145011031460110110146     121
CTRIAR    310163     111  313301  110133  110146     101
CTRIAR  10310163     111103133011011013310110146     121
CTRIAR    310164     111  110146  314601  313301     101
CTRIAR  10310164     111101101461031460110313301     121
CTRIAR    310165     111  210170  317001  319501     101
CTRIAR  10310165     111102101701031700110319501     121
CTRIAR    310166     111  319501  210195  210170     101
CTRIAR  10310166     111103195011021019510210170     121
CTRIAR    310167     111  317101  317001  210170     101
CTRIAR  10310167     111103171011031700110210170     121
CTRIAR    310168     111  210170  210171  317101     101
CTRIAR  10310168     111102101701021017110317101     121
CTRIAR    310169     111  337901  110354  110379     101
CTRIAR  10310169     111103379011011035410110379     121
CTRIAR    310170     111  335401  110354  337901     101
CTRIAR  10310170     111103354011011035410337901     121
CTRIAR    310171     111  337901  210354  335401     101
CTRIAR  10310171     111103379011021035410335401     121
CTRIAR    310172     111  337901  210379  210354     101
CTRIAR  10310172     111103379011021037910210354     121
CTRIAR    310173     111  110379  110378  337901     101
CTRIAR  10310173     111101103791011037810337901     121
CTRIAR    310174     111  337901  110378  337801     101
CTRIAR  10310174     111103379011011037810337801     121
CTRIAR    310175     111  210378  210379  337901     101
CTRIAR  10310175     111102103781021037910337901     121
CTRIAR    310176     111  337801  210378  337901     101
CTRIAR  10310176     111103378011021037810337901     121
CTRIAR    310177     111  210402  340201  210401     101
CTRIAR  10310177     111102104021034020110210401     121
CTRIAR    310178     111  210401  340201  340101     101
CTRIAR  10310178     111102104011034020110340101     121
CTRIAR    310179     111  340101  340001  210401     101
CTRIAR  10310179     111103401011034000110210401     121
CTRIAR    310180     111  340001  210400  210401     101
CTRIAR  10310180     111103400011021040010210401     121
CTRIAR    310181     111  337701  110377  110402     101
CTRIAR  10310181     111103377011011037710110402     121
CTRIAR    310182     111  110402  340201  337701     101
CTRIAR  10310182     111101104021034020110337701     121
CTRIAR    310183     111  110402  110401  340101     101
CTRIAR  10310183     111101104021011040110340101     121
CTRIAR    310184     111  340101  340201  110402     101
CTRIAR  10310184     111103401011034020110110402     121
CTRIAR    310185     111  110446  110471  344601     101
CTRIAR  10310185     111101104461011047110344601     121
CTRIAR    310186     111  110471  347101  344601     101
CTRIAR  10310186     111101104711034710110344601     121
CTRIAR    310187     111  210471  210446  344601     101
CTRIAR  10310187     111102104711021044610344601     121
CTRIAR    310188     111  344601  347101  210471     101
CTRIAR  10310188     111103446011034710110210471     121
CTRIAR    310189     111  344601  110447  110446     101
CTRIAR  10310189     111103446011011044710110446     121
CTRIAR    310190     111  344601  344701  110447     101
CTRIAR  10310190     111103446011034470110110447     121
CTRIAR    310191     111  344601  210446  210447     101
CTRIAR  10310191     111103446011021044610210447     121
CTRIAR    310192     111  210447  344701  344601     101
CTRIAR  10310192     111102104471034470110344601     121
CTRIAR    310193     111  344801  210447  210448     101
CTRIAR  10310193     111103448011021044710210448     121
CTRIAR    310194     111  344801  344701  210447     101
CTRIAR  10310194     111103448011034470110210447     121
CTRIAR    310195     111  110448  110447  344801     101
CTRIAR  10310195     111101104481011044710344801     121
CTRIAR    310196     111  110447  344701  344801     101
CTRIAR  10310196     111101104471034470110344801     121
CTRIAR    310197     111  210448  210423  344801     101
CTRIAR  10310197     111102104481021042310344801     121
CTRIAR    310198     111  210423  342301  344801     101
CTRIAR  10310198     111102104231034230110344801     121
CTRIAR    310199     111  110423  110448  344801     101
CTRIAR  10310199     111101104231011044810344801     121
CTRIAR    310200     111  344801  342301  110423     101
CTRIAR  10310200     111103448011034230110110423     121
